0.59
30.10
30.11
29.86
29.97
30.19
29.93
29.96
29.97
30.14
29.87
30.11
29.91
30.06
29.90
30.16
29.95
29.92
30.09
29.94
30.01
29.99
29.99
30.10
29.94
29.98
29.99
30.10
29.90
30.09
29.93
30.08
29.91
30.09
29.94
30.02
29.99
29.91
30.13
29.88
30.17
29.84
30.17
29.94
30.04
29.99
30.01
29.98
29.98
30.02
29.99
29.98
30.03
29.98
29.98
30.08
29.99
30.00
29.92
29.90
30.18
29.83
30.18
29.98
29.95
29.99
30.06
30.00
30.05
29.99
29.96
29.85
30.17
29.97
29.91
29.94
30.22
30.00
29.99
29.84
29.99
29.96
30.23
29.82
30.18
29.97
30.00
30.00
29.99
