9.22
21.53
21.46
21.73
21.65
21.23
21.62
21.69
21.27
21.49
21.47
21.41
21.52
21.41
21.27
21.59
21.25
21.37
21.37
21.54
21.64
21.22
21.37
21.45
21.16
21.60
21.59
21.38
21.46
21.43
21.54
21.38
21.53
21.50
21.30
21.48
21.64
21.37
21.38
21.59
21.21
20.94
21.33
21.34
21.67
21.39
21.16
21.33
21.57
21.71
21.56
21.44
21.61
21.53
21.50
21.60
21.51
21.57
21.39
21.49
21.43
21.65
21.38
21.48
21.40
21.68
21.47
21.70
21.61
21.30
21.45
21.43
21.69
21.33
21.24
21.64
21.58
21.44
21.60
21.43
21.15
21.46
21.43
21.65
21.37
21.39
21.73
21.68
21.50
21.32
21.41
21.11
20.93
21.37
21.45
21.02
21.31
21.36
21.30
21.29
21.08
21.54
21.34
21.27
2.91
20.61
21.26
21.37
21.43
21.56
21.49
21.41
21.42
21.48
21.38
21.83
21.24
21.03
21.58
21.27
21.47
21.28
21.33
21.54
21.60
21.75
21.75
21.38
21.84
21.36
21.59
21.75
21.44
21.47
21.51
21.71
21.36
21.57
2.93
21.03
21.48
21.64
21.52
21.51
21.56
21.47
21.78
21.40
21.31
21.73
21.51
21.65
21.65
21.49
21.40
21.62
21.29
21.28
21.50
21.39
21.75
21.63
21.64
21.34
21.69
21.38
5.46
21.07
21.50
21.61
21.63
21.46
21.61
21.46
21.31
21.57
21.78
21.64
21.59
21.40
21.42
21.25
21.69
21.69
21.38
21.48
21.47
21.43
21.50
21.49
21.57
21.31
21.37
21.69
21.08
21.66
21.56
21.50
21.42
21.45
21.00
21.54
21.70
21.41
21.12
21.42
21.40
21.58
21.43
21.68
21.55
21.36
21.49
21.41
21.66
21.50
21.44
21.68
21.56
21.37
20.88
21.23
21.49
21.37
21.64
21.53
21.35
21.47
21.45
21.55
21.37
21.08
21.52
21.31
21.44
21.40
21.82
21.74
21.77
21.22
21.12
21.61
21.16
21.69
21.61
21.46
21.27
21.54
21.56
21.61
21.02
21.68
21.67
21.27
21.43
21.66
21.19
21.10
21.10
21.67
21.20
21.36
21.52
21.37
21.67
21.17
21.23
21.34
21.74
21.63
21.53
21.77
21.48
21.57
21.57
21.26
21.32
21.34
21.33
21.69
21.60
21.35
21.47
10.48
21.72
21.70
21.06
21.33
21.52
21.76
21.47
21.29
21.65
21.61
21.38
21.67
21.36
21.41
21.58
21.55
21.33
21.48
21.54
21.67
21.55
21.65
21.44
21.58
21.73
21.73
21.64
21.26
21.48
21.58
21.65
21.49
21.66
21.72
21.63
21.64
21.60
21.21
21.88
21.87
21.70
21.59
21.54
21.41
21.49
