0.032
0.031
0.222
0.296
0.235
0.479
0.410
0.187
0.244
0.588
0.609
0.584
0.614
0.231
0.616
0.644
0.644
0.654
0.651
0.652
0.646
0.669
0.676
0.674
0.670
0.680
0.677
0.683
0.686
0.692
0.693
0.693
0.696
0.697
0.695
0.696
0.706
0.701
0.706
0.698
0.708
0.708
0.705
0.712
0.708
0.712
0.714
0.715
0.715
0.713
0.714
0.718
0.717
0.719
0.716
0.718
0.724
0.719
0.725
0.725
0.721
0.723
0.725
0.725
0.728
0.727
0.721
0.728
0.731
0.729
0.728
0.730
0.733
0.738
0.736
0.733
0.730
0.737
0.733
0.736
0.736
0.730
0.732
0.738
0.735
0.728
0.735
0.732
0.741
0.745
0.740
0.741
0.739
0.736
0.733
0.739
0.727
0.738
0.737
0.732
0.743
0.737
0.741
0.743
0.740
0.737
0.742
0.736
0.733
0.741
0.743
0.740
0.740
0.741
0.741
0.740
0.737
