0.11297406646590129
14.523414451723708
14.802346181807915
20.016244720704382
19.086099646427645
18.774104892819896
20.16162742628609
19.22290815929017
19.94808357232202
18.76083679612823
19.886417622432
18.903479358211644
19.217975798285444
20.10191131645036
19.295866916933495
19.0887055300441
20.03307079844676
19.209350254411557
20.19745262803072
19.143593933280695
18.872688330738566
19.091833529821432
19.977537615919903
18.932490746592038
18.984764405015163
20.14371407028177
18.945917256519245
18.884074414248925
20.042069047903475
19.16555020425322
19.560430540787582
15.194111169072045
17.91771435406494
19.417354912781008
20.126701696297896
19.190366164446864
19.31737332240266
20.209130550001206
18.72925374200693
19.14717697757651
19.92022986868039
19.011268141889747
19.28105362355483
20.17666046113364
18.97849350461306
18.97523083952751
20.021499832927585
18.848009059330526
18.988202272624385
19.78221333433951
18.783353261770092
20.11000728779103
19.463850166131458
19.077071422398696
19.937084377094454
18.99508174448621
18.719306623583545
20.141585950893436
18.864030511279818
18.9360806869588
19.994679912857354
19.940686225569202
18.822465052617407
19.673833914968668
18.840050847381494
20.218677541733552
19.590580014759595
19.216478975195404
20.13037238969653
19.243898969970864
19.14376868481709
19.98943886839572
19.045280345823418
20.111357250400378
19.03767316036965
19.196250732278852
20.25392349072366
19.006702163815564
19.094006355102746
20.4842008615048
19.054018816410526
19.827193525666175
18.795305547215637
20.1131896324358
19.97202024675133
20.08747042652848
19.440484632747935
14.690464849113171
20.257836422823914
18.756893575536417
20.145649114549062
20.18170882512859
19.82578772724265
20.250109837054918
15.921468890095165
19.885851914716074
20.38672674336653
20.375337621203585
19.236220544665706
20.41918114989533
19.96679107319674
19.149187565344036
20.280855467068967
20.08083458211049
19.911151620452788
19.635795042250884
19.448417206474918
20.570599025002696
19.712298379516486
18.542785902491644
20.356845063313255
20.443365648471733
19.921838337972243
20.379495651328895
19.21066998882436
19.748960594403453
20.299504890596793
20.34331832997051
19.42787795693197
20.13626761915735
20.16424447254179
20.28948883288265
19.870589963094737
20.381575302858753
19.57412333510673
19.973351746470154
20.453833474753978
19.494608462854167
20.309727528484338
19.616968336373414
20.291157489381053
20.69564702515469
19.483560485706587
20.37909957534473
19.521102113003817
20.739445603694655
20.204555088828087
20.71875123493381
20.32971102300377
20.150197932280257
20.774988607770492
20.098058382688365
20.523893874595082
20.113093182951626
20.298915436995166
19.6252292719446
20.29105932551873
20.282620785036244
19.477498479156313
20.69105277957289
19.44535158115319
20.11550469759389
20.110296550236136
20.578168312702687
19.396881185371537
19.87379114604804
20.574635285345682
19.733629426100702
19.022390733492674
20.07958484134735
19.79565791957712
19.71072356703463
20.104031059770886
19.188346920662806
18.91217343469596
19.9575753826828
18.99043755433208
19.980297443812464
19.496511427920662
19.813144506431485
19.927233336975785
19.53046466471407
19.455724503901067
19.995442475555745
13.545787190890037
16.686176222529877
20.117241346232248
20.38147626220905
19.926191969290993
20.11338253417924
19.935378692459423
19.126658184786425
14.635462428249909
19.481298101709715
20.21487714833772
14.93713964180529
20.334343351093487
20.071129146488524
19.75519278050435
18.89700661392348
20.46531054370154
18.30486697856295
18.84995730528965
19.921554471575607
20.336709609538264
19.011785183304927
20.054718541858918
20.2974419527492
19.548396718866517
20.01949300991356
18.82711194900799
20.24014245247965
19.984200570799644
19.989153072263605
20.362082860000193
20.241021532878417
19.969357779819745
20.244050061055955
19.850464989706335
19.92836949859599
20.197355368717073
19.74682209374588
19.270246304966072
20.338977790708952
14.811389182183833
19.890189829897615
20.316515539021932
18.972055111770505
19.93926428781958
19.74096683249634
20.18005812051346
19.750820536727552
20.54037747676275
20.10942878786426
20.049158464825695
20.097480570010255
19.129449646308704
19.985152784329422
17.01025651424516
20.124866851555076
20.401998219697155
19.889623907548877
20.31100608220664
20.295772262519417
20.516966604869125
19.979631208646733
19.059213784892783
20.28369974175702
20.32084649522296
19.706741340750625
20.37444683548608
20.186662559679654
20.119460833693097
20.34894405658867
20.199008904449336
19.849713444674236
20.502725188563495
20.394657123268356
19.879537030893044
18.97797827237805
20.105669349465277
19.840793195772903
18.827788052358464
20.11261094940563
18.988546127866865
20.124577169808603
19.841544065471403
19.685191182199194
15.146867743554742
20.180737789710207
19.69609910261046
19.061205940630057
20.4654104007885
19.63717402500117
19.238161636547105
20.11753081682575
19.70239051497771
20.447252447252446
18.913282077875227
20.23106309087401
19.68417495776234
19.209526208523208
20.127474362604193
19.597262002102557
20.180737789710207
19.5948815936389
20.21702078432885
12.022989362403507
15.571600409866496
20.07228177641654
18.80061319443822
20.44157223968614
19.76599213941696
20.17704870715574
18.869037496907122
20.199495290015605
19.904253905582657
19.605781276293403
20.13617094821337
19.821009503376512
20.274581268882176
19.878971714567378
18.92386336463019
20.107307906191874
18.869122383977253
19.580794099110665
19.8224146242332
19.068658562089126
20.042739453714855
19.670420064812948
19.723329116840734
20.06162499820635
18.86326696738969
19.814361300075586
18.992243358403933
19.985819387794
20.395450500610263
19.94078102863011
20.14622970032614
20.461716337452373
19.941918735676996
20.152618353217026
19.607431023682416
18.94121153550881
20.454531711004364
19.672818862773976
19.931021046279003
20.271445625329253
19.002741016939936
19.965460448024068
19.811553540220114
19.02472036504495
20.024271821484668
16.32323421014738
20.320157355954866
20.33927367772783
20.235845825031
19.24116227647647
19.775964090885516
19.879160149770133
19.38397264072465
19.80182613047296
20.11425063781627
19.83901010798564
20.1488427504972
20.215364298417686
19.94258245807559
20.240923853507642
19.965935650940388
19.61641785460396
20.155814199352214
19.802106595030477
20.029052915080868
20.049637660375915
19.8416379281798
19.045972209608575
20.128247088238258
19.712483668117343
20.384844184373723
19.739851938309197
18.8530075424544
20.403586178715454
19.656408021332734
20.150488352093934
18.89062338141971
19.819979208014367
20.19492419026342
18.87277325066032
20.089394679617975
19.936800076052858
19.08905303495765
20.15194057674383
19.927801401591637
18.82043803481125
20.130565621175396
19.938600786267415
19.096701345413983
20.105091099084934
19.915784275552937
18.89479327152652
20.41699443124732
19.93499969106317
19.60120010094307
20.277619848774922
20.02666208292748
19.667284057712777
20.436193900769346
20.081123005917615
19.692030329350455
19.902931602273913
20.006029038597294
19.637357904002098
19.92893762799162
19.75956696047902
18.75169441513618
19.52791861629071
20.206404493840722
19.026964253311558
19.98848624640195
19.99363148411208
18.969995748568532
20.137621109841465
20.03785609524219
18.910468083571537
19.626514931728636
20.039004906668197
20.209617423147346
20.08900979950763
18.903053383509477
19.499139942910805
19.922595354581293
20.104223785877256
20.19764714946813
20.144197796497835
19.993917408320186
20.15872039372501
19.862403394453704
18.96596412373558
20.056348804070275
20.19268802295464
19.03076280876241
18.229842793127577
20.159980004902643
20.305892832936348
19.737622527681964
20.22481965821857
20.287427930193864
19.39123158220796
20.159398626337975
20.07881584742355
19.29861919507493
20.172390740803085
20.038813428949542
20.208448967005857
20.323308088516757
20.208546333190398
19.7886532518695
20.39108768893448
20.419678196733283
20.40080741263163
20.392872249908837
20.10451288196525
20.445558019937117
19.617977633197537
19.309280581169983
19.991249100363667
18.579831225497795
19.695821632840897
19.245311761547956
20.34795686196508
19.650330058515696
20.578976032186052
20.383061028118227
20.02494103717284
20.245222637866537
20.316220313779056
19.73427935578882
19.405765787440373
20.22950187135857
20.361390921050717
20.691461074358557
20.48080003125122
19.190366164446864
20.035367455635434
20.604451693087643
19.98143966461817
20.33868191229882
20.0907418761496
20.29459382303274
20.347068468695728
20.15881728130422
20.29685261894623
20.423058757078653
19.459876772325735
20.133077968021734
20.545710156996254
20.017008929210593
20.038909167351463
20.387915907157613
19.329391541584673
19.62513744554817
20.296165106094698
19.144817261038053
20.22842867270807
20.659560634420256
20.007651394089727
20.585945245550832
20.13733106080611
19.959094910656926
20.26380655603063
19.127966580929968
20.152327872003074
19.75742616232512
19.732236863770872
20.329415414144254
20.237017451594383
20.24756819904321
20.285956113155898
19.698874230348345
19.205128322534858
20.16928662451011
19.73864427837283
20.30510640769931
20.25744506157933
19.88981254475358
20.38751950381327
20.176175174616613
19.789120075489503
20.12322543191752
20.279482654417986
20.060761431031185
19.107924156970654
20.023124698648513
20.31179296451263
18.940270671802537
20.238286866815283
18.836412628553465
19.97420780432981
20.56837975676736
20.54510631836239
19.19264929966093
20.40884805901301
19.931210469542243
19.98734321985437
19.234103436574248
20.17821353487634
19.8754863075691
20.350326289997817
20.041590214067277
19.88651191018055
19.97344686038649
18.97025314451897
14.705401406623613
20.302649221400944
19.112625995661922
20.20922792275373
20.179863937723123
20.259304162178612
15.286980037977775
19.94078102863011
19.893774752768753
20.288507398431793
19.018336809649043
19.863532175263785
20.531328320802004
20.255488482155794
18.94523264270002
20.12863347330534
20.127667538450464
18.917803276322438
20.384348831897203
20.190549543651557
20.05893858889808
19.242751229538282
19.747379918831626
19.951879212828405
19.70525999285889
19.114890669291697
20.29803132077663
19.819979208014367
19.94941188221473
19.02170058185677
20.10663317401955
20.157267191787735
20.127957309172576
20.15348984710597
19.072647240714467
19.673741633168067
20.173263945669845
20.36771897110169
19.902837158760363
20.049829345009893
20.33168196845279
19.75547192561855
20.209325296444593
19.318529982083064
20.133271251446043
20.337794328717173
19.452205490188803
19.948557948405753
20.38623129939439
20.56444677606774
20.06930441980755
19.341603106237375
20.726429965656116
19.648120822032034
20.447950234251977
20.216241227731935
19.98848624640195
20.288998103788554
20.573222414063725
19.695821632840897
14.46192039279508
20.31533468952824
20.203581853739365
19.78715956428002
20.56243044627143
20.126315385390527
19.842670476586967
20.13578427371928
20.175107626446042
19.173873490864043
19.89773853970483
20.240826175079626
19.451122972828834
19.97202024675133
20.25891274422199
19.498142836555672
20.358228370343404
20.29272824035996
20.501422384718406
20.35338761804012
20.05893858889808
20.033931983186854
20.222674368147498
20.024271821484668
20.15823596979848
20.612957602504434
19.865037415932555
20.358722454130668
20.110296550236136
20.17831060992389
19.751564611754954
20.246199888977387
20.558197440459562
19.893397331613222
20.238579831405644
20.760078599464453
19.84727131628882
20.37246759050131
20.28634857681797
20.472202969572134
20.16783189883156
20.358722454130668
20.492607756725327
19.833944134183884
20.282718867267594
20.263904456383102
19.874356167758872
20.463812804324704
20.155136207899048
20.124577169808603
19.120641867250182
20.13066223830596
20.20786478960098
20.400112839369267
13.907858000252007
19.871060660615132
20.40745786462185
18.85385500575374
19.51374563252241
15.777669106749224
20.351511210958158
19.22475844746347
13.018188138602307
19.697579073426162
20.192882452626716
20.38197147508322
19.93973824453646
20.529720416634035
20.144197796497835
13.705487352588463
18.07188590632944
19.3306387312941
20.3527950310559
19.277154504800556
20.402990665116526
19.916729980246163
20.37098340909974
20.262142394759472
20.217118233130726
14.868778537194068
19.971544754159247
19.480936169026908
19.894907102166272
20.13878138954242
19.18606480888515
20.16298432842996
20.410437084545833
19.164586922054127
20.158623507077117
20.569791962963325
19.933862773334095
20.357141470422643
20.423058757078653
20.4492462507557
19.134423955985802
20.55829820605823
20.320452695631953
20.402494430337878
20.40209745989435
20.349141507008156
19.030244734621284
13.009950619122062
15.234287374691268
20.249034450795612
19.16196028087552
19.534194005104418
20.225404816325742
20.46071817086437
19.35266921976653
20.125253106856675
20.343713016316475
19.205040385355044
20.256173241960177
20.344699799187048
20.322027985580835
20.08949090194989
20.556786825789693
20.211759943715727
20.061816912119923
20.371082347798634
19.131107462141944
19.015060432137386
20.47520112473639
19.297376133535156
19.950550574357266
20.20835160175955
19.07481570079177
20.232526953040207
20.35012881658556
20.474901269703345
19.829630715261658
17.459461934554657
20.134914310402767
20.393268861434038
18.55525472916777
19.61650959942006
18.985623755205506
20.36415895904644
19.92666530474566
20.448249300402694
19.666730748491343
20.359018915914707
19.107837107700437
20.57958186341133
14.661963805681886
19.987152728139147
18.922753480650023
20.675447590503982
19.736693755205565
20.26096785724637
20.27909045636734
19.952258856324654
12.448702537938486
19.877087559001385
20.2955758464345
19.330104201711656
20.637095861563367
19.232339535779463
20.607691211658175
20.10586210698381
19.388094335610678
19.96878734354394
20.40378469097366
12.782523893114883
20.032401039278618
20.51225070667749
20.24659081583889
20.534745953567615
20.00364369959509
18.992845369414407
20.270367971853585
19.840699341056485
19.535649743828596
20.046667017163177
19.969357779819745
19.11018771642063
20.2444409049005
20.01423895097487
19.233045057273085
20.349832613652904
20.569791962963325
20.26909452909424
19.980011909015126
19.205480079307296
20.128536875647868
20.66403909821851
19.509661094210784
20.366037699202703
19.256709976585096
20.256466724620882
20.12679827634193
20.67656874682652
20.55275756462085
20.05165053185132
20.536254094467758
20.36870808424672
20.28360165003893
20.641259842519684
19.788373168269185
20.12805390126739
19.6218322674813
20.292531883188513
20.572112437034967
19.304214954389387
20.44854837530166
20.50042034057362
19.965840608547463
20.16773492458083
20.49591235382939
20.35022755281263
19.296133232121086
20.459420699881953
20.044846735421466
20.231160675094902
20.54510631836239
20.076317023904114
19.39302475043809
20.683808227554714
20.11492588134301
19.505306137634047
19.853659691093007
20.547018595810552
19.256179527674735
20.2907648396304
20.293415520386294
17.39220434566263
20.482700356003967
20.438683520617502
20.200370843065958
20.554167626347024
20.56444677606774
20.205041741534874
20.455429513377485
20.63851751981774
19.9758250027385
20.478700082514294
20.419877022244076
20.17860184067084
20.10740430019895
20.58857255055959
19.929411093899972
20.10962161747502
20.445657684358306
19.250876645431347
19.869460380022076
20.268408895417952
20.510645789118506
20.30756418884569
20.209812178974452
18.85410925960056
19.828599523467343
20.471303694231455
20.458921716395707
20.029913754405403
18.984678474274773
19.6359788954275
20.098732539473367
19.225022803423034
20.324391378508295
20.170062564018718
20.432908531119686
20.359908353073667
19.980582986771086
20.415205646142613
20.448348991063636
19.936231498293612
20.82760127518845
20.47390181635353
19.417894278756677
20.677995848924517
20.323111139106796
19.495423973822064
20.595750531551836
20.216241227731935
20.45632739456781
20.588875744292327
19.38943874555633
19.81529739689139
20.692277712272876
20.45732513278739
20.318976083091517
20.405075114812796
19.35534840793724
20.377614427510213
20.464911125098194
20.531026819585787
20.27909045636734
20.69503434120155
20.47780023630274
20.388906982961863
19.45157400708628
20.6575256107171
20.06421614588316
20.508639995305945
20.668010269196845
20.29979963023551
20.35506680190433
20.629178778176165
20.059706060997364
20.335132042722986
19.86917800432031
19.27316840054406
20.548629210840893
20.07016872266511
19.27520553673926
20.50452934418616
20.27703166545806
19.33331182270324
20.872999442630782
20.093725597282706
19.359457937540963
20.55154909425882
20.79167203688098
20.198522542305952
20.499418394377486
20.79569242058396
20.05222571222313
20.465510258849935
20.57806735222545
19.371618064087052
20.44625569129074
20.786932043454126
20.21526686652336
20.36702664905602
19.088879280919333
20.49641314333744
20.17869891945463
19.42625828474033
20.05375968788399
20.513354233201447
19.38970764991956
20.347068468695728
20.22345442096838
20.597267646856615
20.587663022937335
20.408748753132375
19.91512233570265
20.42087120787953
20.479300023924964
20.08160373067513
20.345390604157068
20.699119586245015
19.29968480386518
20.28889996081827
20.26439397233536
19.338927721731434
20.38623129939439
20.28585799961308
19.155659278677742
20.134431029930635
20.251772022326517
20.409543227238
20.186468249766577
20.438683520617502
19.07368804001819
20.55084421884034
