0.21528210459395858
17.86475055477232
28.874658368844617
18.991125439200204
26.687434781502127
25.25259190578829
28.018249954909518
27.76066927883088
26.647759183725334
28.2517007719147
28.590249754607918
18.639859922317324
27.391730830770033
28.67762910493173
28.546856602258263
27.37760603647472
27.42576160802443
26.765433359284266
28.98720757455337
27.422713305001636
28.53772776137276
26.92401609931764
29.071189448075575
28.739723586928964
27.029334433159768
17.574316708636935
29.115384081411655
27.175213647525318
28.5499656254467
28.676844818509377
27.437602621887
28.21388259193736
27.4221754395141
27.37438976634904
28.4623955809803
29.11134246727467
28.225274392500722
27.17820717183106
29.07179394762743
28.489074545763287
27.165005407996063
28.763768781845986
28.600192290645264
28.706481418109643
28.90769368611856
28.07582735353968
29.15687542143716
23.428462904829466
24.783464706507996
25.216155446270758
28.292482866547946
27.243347168365194
28.13250967529898
28.75430357791687
21.548037750001285
29.090747676515466
26.949619301570984
29.12043767747669
28.902713653716287
27.034038247104398
28.219577342546305
28.97899624143268
27.177502753839175
25.717095662624008
29.038784807322173
28.295918505025973
27.19106921745444
28.609751439251315
27.867463075297824
26.887253519321007
28.881219616322145
26.712589799765627
28.17616552465404
28.08786028072431
27.179968376577932
28.9555894596591
28.559491223052934
28.303365251600976
28.578366776820086
27.309511407438276
29.039387959981998
28.928229533071246
28.511345251852354
28.353302237544785
29.255714355465344
28.562019489407486
28.47901573225962
28.522978578714724
28.865318706729248
28.77146384963644
26.99002586839294
29.155659360901993
28.446373587618517
26.625430076810765
28.736573100296663
28.267694671716832
27.159904163698762
29.015482103573753
29.012471553375896
29.00625172890733
28.249036881381503
29.38792898081585
29.119022493751736
28.438080128009545
29.016887240828243
27.281622989313195
29.217197469976874
28.82386008315294
29.00183927756496
27.44999280095289
29.392047763871563
27.310934000104183
28.96038776764322
29.202144398802478
29.409977912561793
29.474873683248887
27.593560653408158
28.726338787335028
29.429788308927233
28.769490362850675
29.5074290859973
27.353502416246567
28.804065515228512
29.334694819591416
29.3784601591393
27.226723617503293
28.812771774597962
29.012471553375896
28.951392244295043
29.908256619057465
27.577776316654614
29.443423444925696
28.80268091359822
29.712698884969043
29.516565798733286
29.542345185101706
27.817560800907287
29.557751124015166
29.040393270096242
29.060312753323956
29.762879282450115
29.3794890833059
28.45003968065551
29.85928567869067
29.04401296291167
29.51760441957845
29.623719859308125
28.745829620999245
28.99782912293801
20.77097622455195
29.28656016087588
28.804263326328513
28.38035307093221
29.091554766396627
28.77047707240114
24.295228772177783
29.355636587602095
28.922245207557577
28.94240230749591
25.88916733534967
28.819502944268468
29.3509118136905
19.312214527773683
28.775411635565312
29.040795413631706
27.252906051214076
29.21638339370298
20.810034135111536
29.524668980226803
29.40234977427586
28.331086283992814
28.990814020196716
29.075018369865102
29.446730835386873
28.660776395181184
29.24164087118994
29.305999818335533
29.662897191635018
29.790360384675484
29.37701978637717
29.90335229784261
29.60803608614933
29.486892149350055
29.890139961802685
29.014478517421953
29.61138056408627
29.248777902525088
29.072398472319453
29.66520496788978
29.3242351361933
29.68094938186862
29.77090697443323
29.167824532854887
29.385046519448494
29.981372009406922
29.251837696846277
29.390606058482646
29.77048435636818
29.17533145059195
29.49352722363249
29.299244170613466
29.90505796626121
29.587567632390183
28.817324868771813
28.906099889042803
28.67547242048842
29.675909351408336
29.56525171640844
28.8563821370338
29.953109712988024
28.867305362845503
29.413484060084993
29.08146936058686
29.06595150481972
29.7284937662577
29.403792632058607
28.703141787623096
29.22472982671284
29.00805720964652
29.36755799217202
29.06675721938475
29.507636675742035
29.62937008597122
28.625371952717643
29.40173145000175
29.562334367070765
29.595709850409257
29.299448841449358
28.82821853972356
29.039790075675228
29.168230213425872
28.346403903599477
28.831389154299305
29.160524211770433
28.423048513556555
28.213692806500653
29.140467158558785
28.707856785966065
28.91965276868023
29.208041726728922
28.53539792905447
28.896739879295616
29.309276405436567
28.454285811200435
28.57680908613982
28.528410714042796
28.75233244445663
28.89514728981234
28.349661031842054
28.447338257336835
28.475922141581744
28.755092106977095
29.254490036478277
28.27893931323701
28.523948451154407
29.701336958984818
29.505353349184688
29.21434840147663
28.76179635052013
29.37763707169473
29.725754783841246
28.97799517759308
29.502032777660546
29.605737195776157
28.54064058683034
29.1026567953317
29.681159420289855
29.046426592797783
29.34988489017333
28.90829140533462
29.5186431135196
29.53818417420209
29.00544936516279
29.37537381901207
29.433092636646247
28.688221171932177
29.55566830148261
29.191169510871077
29.432473018679914
29.561084250736506
28.805450249986265
29.75717802640634
28.920849221179505
28.719651061673616
29.519889642746545
28.315594051050788
29.764780186637335
29.696079750214174
28.78903981714725
20.95580314763927
29.40234977427586
29.584019862318023
29.218215129117876
29.72154195011338
29.236137540689935
27.952895387506747
29.438670372553975
28.548216716580452
22.225717222887543
27.46221436521967
28.816928890415664
29.4572781031843
29.59445690981189
29.001037157910748
28.433646076251424
28.577977338229985
29.269597136058174
18.189050066133262
27.46383274074947
29.108514004941288
29.59466572587758
28.751544066739328
28.980598087446797
28.96658793629746
28.07639116668563
29.600095978094412
28.806439427759045
29.115788304548232
28.910682529397977
29.016485759154335
28.49817228118333
28.646878030789406
28.96818841080185
28.760021393601118
29.364885111388045
28.898133539110244
28.55210347174949
29.507636675742035
29.57984710429067
29.212924075583135
28.666652997341316
26.99697480722442
29.693136526140666
28.386883692599234
29.17776695652174
28.47321580101421
29.257142857142856
28.256078254367115
28.385731011565976
29.423594693754428
28.366725280670906
28.671944000109374
29.00885971767863
28.333765672287072
28.94000593385818
29.440736737186416
29.231043710972347
28.45756778028062
28.38054510515062
29.26449164131618
28.872074453439065
29.18670062488692
27.539027208740414
27.913271485804795
29.719014823002578
28.51987543007901
28.77916303579638
29.515319550194924
28.096891747052517
28.95598925792711
29.662897191635018
28.478628996666192
28.79319008718336
28.749770374940024
29.247962065478887
28.84189679832765
29.272456991311024
29.10912005774209
28.958988096881992
29.556084842505815
29.19848518601025
28.78192785139336
29.222490071762
28.93002531366179
28.773240219248
28.731061410418878
29.27572608170644
28.86790141300682
29.32587537755901
28.99843057543263
28.47901573225962
28.653531903265474
23.998718330167303
28.487526573526317
28.797341554009982
29.286764654540377
29.35728034380665
28.483657378797037
28.46819110450476
29.028535044190214
28.62752110734201
29.28656016087588
28.561824991487914
29.29617445117309
28.520069357087003
29.10386843839989
28.714342438556855
29.25265375012205
21.37214077890049
29.08913363109274
29.408740648291626
29.148162561850224
28.846855893094176
29.417816337838502
29.19543654246396
28.164056834358465
29.0518587270473
25.92949962289346
27.510668302057574
29.304566541836678
28.80228533758172
28.53365080444913
22.198192095179625
27.301512084307
27.536496014916164
28.33127765206525
29.391429872814548
28.389573645771993
29.388752645076305
29.34577791459976
28.71237677984666
28.43133320680025
29.486684851382133
28.681551180617763
28.616388073957836
29.262858259146597
28.91965276868023
28.703141787623096
28.181277001740206
29.30374758963754
29.319110564320514
28.16197670124551
28.672924029778304
29.39678579188248
28.050854372178566
28.646878030789406
29.34085106085302
28.381889417448793
29.53090522491569
29.412452753448385
28.689594790555144
29.195030104757596
28.265599202097192
29.278178378717968
29.424833208224886
28.263504043126684
28.84665749656121
29.028535044190214
29.33838825430356
29.1775639821636
29.16620192341124
28.419389372975758
28.478822363149963
29.62330140972399
28.187337450689174
29.313987783229198
29.608872134804493
29.154848710231263
29.317061237042783
28.383041786499746
29.702388624115684
29.22656260887743
28.705106182032207
29.564418129273278
29.475702228437704
29.49850548925007
28.569996185493977
29.457071221389594
29.49767566161009
28.373441569423303
29.633347463614527
29.380518079547205
29.612844010788066
28.2942005814934
29.344751350292448
28.92703246986124
28.63475245091346
29.30722845264298
28.40322340353491
29.06212497055196
26.640988833699616
28.84764950651673
29.65073485228727
28.456023229938396
28.32534644371809
28.694697954436617
28.970989666795603
29.091554766396627
28.838129026491476
28.609946590451763
29.17979685543342
28.620684007970084
29.248981868898188
29.16904160842322
28.443672860436727
28.845070422535212
28.45621628956206
29.601767225864734
28.543748256126527
28.145346691450314
29.34290371551899
28.42420422740426
28.639445005872233
28.290574538979346
29.453761507833402
29.359335297946956
28.481336366414286
29.431646901971792
28.467804662843182
29.05065141052369
28.919054579552665
28.209518172769094
29.622882971961296
28.40360809383211
28.827029739036007
29.576301185363825
29.381135511891003
27.25680233427129
29.48274674370708
29.2318586044437
27.34119917082774
29.702598966078888
29.24694233317063
27.97172353082402
29.376608277243534
29.48129612708231
28.21919762098592
29.260612656355732
29.178578882194984
28.214451963567384
29.67318004952246
28.463361337694593
28.64100953265412
29.579429893228394
28.70019570007253
29.3794890833059
29.203771010012392
28.34717021938065
29.33654142069776
28.18260250225095
29.088124943651913
29.26326658759506
29.096600092958077
28.84070686928419
28.544331019463726
29.331617667627068
29.371465385638857
28.44521607031441
29.46203718662855
28.728896682100878
28.522008772228077
29.248981868898188
22.062046982336913
28.46316818110872
28.39649300971531
27.8133181257543
29.351117207017445
28.180140957679104
29.56066756878665
29.500372772158844
29.097811231745812
28.96278751804001
28.68233572449447
29.036975499664237
28.405339329129955
28.76061302156547
29.030745165353895
28.835948134805506
29.604901324148056
29.723226940302737
28.86154481334939
29.22554436818451
28.400146256246362
29.421737117524096
29.18142097793115
28.719847715040878
29.46845403704016
28.725158374139642
28.161409445541096
29.304976035101937
29.22717358735114
29.360979468404583
28.462202437501695
29.572339105420497
28.979396686334933
28.230213696786134
29.51926636497357
29.31214402023887
29.401525347689546
28.631624935150043
28.504563525773897
28.98700724277105
25.844500585371865
28.450618623833297
29.118618180808376
28.292482866547946
29.329156410830162
28.153470264465028
28.93002531366179
28.922444645184424
28.30088256727214
29.548588900004226
29.256530625056673
25.04241497898357
27.9961820087173
28.82920928186517
29.15849699329139
28.780940356270413
28.692734984265975
28.237435790409123
29.33120742947454
28.587911338913276
29.517396689561988
29.35789679984321
29.445490476892513
28.81653292294163
29.294128328875043
29.33182279100668
27.872277931726508
29.451279710704632
29.35522567731189
29.72912591080491
29.39328362392779
28.89833264434339
28.660188867478443
28.691361064937375
29.654088984099378
29.191779010446755
28.24789536778869
29.165390686386996
29.11275690458177
28.709035777599812
22.24434120367424
27.91104249570784
29.268575894601685
29.778938998068842
28.92982577147508
29.14249187070954
28.705892015084217
30.00968769005116
29.040192202505004
29.62539377586913
29.7457820644658
28.833965792223506
29.105080182361963
29.034362453274262
29.029137771133534
28.07808274200027
29.413896602990267
28.467997882362525
29.784648596445134
28.658230615758836
28.698231977667085
27.4128557890265
28.896341715466757
28.79753927276722
29.874385675009616
28.950992572958945
29.013073613436077
29.972802046635273
28.51250815749402
29.793322915186817
29.930025617788306
29.225951655947544
29.457071221389594
28.862935080306638
28.706088480070083
29.635231857331608
29.88524157979864
29.697972130961823
28.956389067235534
29.078848300390323
29.43061432129951
28.27512656819852
29.76647008310446
29.703019658942836
28.435573754932136
29.603229722481014
28.85082439692115
29.53818417420209
28.814355296332174
29.592368911215218
29.676959216596384
28.921646911179607
28.57135850573225
30.036766232929196
28.739526661276397
29.51511185233662
29.019898707552652
28.508825948356137
30.034400286430362
29.115384081411655
29.810262970859984
29.433712280701755
28.64648672276254
29.73460562321882
28.86114761881825
29.829767865270824
29.884176926584587
28.89176361995688
29.86098632360584
28.972990895652295
29.49809056959399
29.428136423274186
28.745435605022205
29.42772348083548
28.91227683187427
29.04823707848827
29.664995155210093
28.359245160548753
29.383193807138603
29.695659253909927
27.94749396980237
28.89614263766698
29.372493819898178
28.983802310796616
27.26247164427458
29.484197503093014
29.563376211453743
29.440530087669426
28.813959399580945
29.445283760635757
29.49373461781872
26.40401382427558
29.44652410171443
29.08772148826242
28.872670700562406
29.038583762003338
29.811958035993516
29.769639156233143
29.329771686304674
29.39328362392779
28.82425625201872
29.212924075583135
28.67312004375171
29.59946930883121
28.67762910493173
28.374209347792263
29.747047851403202
29.405441785791904
28.686651483130543
28.316741042796092
29.77428835096188
28.276270283753448
29.68010925790952
29.60845410457507
28.682139584501552
28.733620146329432
28.76712253604203
29.409153058147933
28.74937625092534
29.690404054704533
28.69352014010508
29.4678329293568
29.852272565515083
29.81471292801342
28.96958897108086
29.99616671911205
29.47777379521671
29.478809687803096
29.5302814818987
28.55599128540305
29.75844478342616
29.307023673104336
28.32209489982646
29.016887240828243
29.209262160938753
29.35789679984321
28.880623016064284
29.169650184296543
29.35625297460735
29.07219696129533
29.7284937662577
29.40173145000175
29.42462678190594
29.446730835386873
29.62916077988132
29.496016146386403
29.77978472636392
29.28431091903063
29.277360900733626
29.498920420578823
29.547964409752797
29.089940631415413
28.891564605232343
29.09054591104237
28.42593797440902
29.500787756020706
28.67900170940171
29.194217263292707
29.617026084254828
29.62769572004775
29.60469236361583
29.487306754030133
28.912874740637086
29.614307602149246
28.92842905323852
29.710594168815344
28.838129026491476
29.659750802607945
29.873109028232815
29.354609333445314
28.156872222445994
29.480674477940298
29.634813082461335
28.352918908687776
29.184466694963017
28.879231044644577
29.241029287711154
28.839913637801338
29.520928497526025
29.762668085861275
29.734816421730223
29.696079750214174
29.762879282450115
29.775345188655805
27.676223531663027
29.801367040400166
28.871478230941317
29.693767167898507
29.729968812021546
29.314602422437954
29.90228635388224
29.447144311440304
29.725965456877795
28.609751439251315
29.671920541045303
28.738542073492432
29.69103458039854
28.794573776456616
29.88140918320094
28.923441874577627
29.69965444966861
28.77245069456354
29.723437577509902
29.71017326136541
28.74937625092534
29.57984710429067
28.895744490296448
30.0779071768688
27.36206772827796
29.422562678002723
29.312758582131277
28.4492677930693
28.58557330570852
28.880026440453893
28.807824390779967
29.01227087224182
29.79522771025282
28.97038935204691
29.199704821709528
28.83297472313689
29.714382872607224
29.159713290554024
29.47860250346141
29.0802595817849
29.887158146759965
29.036573461913893
29.61618957506602
29.12427958392934
29.801155297243913
29.005850541486286
28.96858855706274
29.33038698759458
28.74326871021018
29.557959422414218
28.507275829023115
29.002240354031255
29.67737918347131
29.576718308170733
29.7434617348386
29.401113151733515
29.90719032543282
29.14775743929728
29.461002472465722
29.506598756225905
29.737557074388135
29.4870994502327
29.805602535495517
29.359335297946956
29.721331339772252
29.400494879469512
28.4652930477509
29.728704478119727
29.202551034617205
29.58235061784122
29.272456991311024
29.687041703236034
28.35962866048669
29.016485759154335
28.786866343632894
29.789725633358664
28.823067778090834
26.91969603614705
29.68935323805681
28.79635300094745
29.182842233431902
29.176143240723995
29.7542226793885
28.97058945419884
29.19279489963529
29.12043767747669
29.13439470978856
28.61345976737047
28.89474916987007
28.728109589041097
29.289832402234637
28.618926424531068
29.758233649766577
28.367492695595715
29.316651405964954
29.040192202505004
29.59863379108859
29.80687341880099
29.215569362792902
29.17208474175465
29.19889171992259
29.70449217781744
29.098013098013098
29.68010925790952
28.40707077548256
29.43329918176587
28.354643970173672
29.40173145000175
29.644447899807048
29.789725633358664
28.77758337964583
29.72091012804433
28.89514728981234
29.700075059126764
28.73401383845996
29.715435461816945
29.30415706001537
29.035970426162322
29.663526549548784
29.675699387284382
28.739920515280254
29.44197669521269
28.570190794716872
29.525708171425354
29.73882216140331
29.585480605774183
29.947121529091728
29.62790500543916
29.6519925627956
28.92623448275862
28.78963263961342
29.203567673701286
28.748588035312824
29.58610668284356
28.680374445272594
29.446730835386873
29.540056484044314
29.104272341842858
28.78489074338421
29.30559029645829
28.706481418109643
29.25530623775014
28.376128975516032
29.23797175401174
29.64172438162544
29.626649337439606
27.31075616791577
29.380312274532603
29.585480605774183
29.26837165486201
29.546091097366826
29.200111389585075
29.30763802030563
29.53173692326107
29.328131009069107
29.429581813078865
29.52799464958288
29.405441785791904
29.38195879538497
29.584437202872177
29.623719859308125
29.335310327462967
28.507275829023115
29.191779010446755
27.398888184840903
29.23634133080537
28.01039127560254
29.018292514182924
29.659541067072094
29.403586500848252
29.262245787839678
29.476945133564314
29.478188143514778
29.389370423571453
29.514281090133768
29.042605197377075
29.27960907504363
29.486684851382133
29.296583709933156
28.570190794716872
29.610335333568656
28.96558772953599
29.590281207229832
28.81831486227438
29.42008613554424
29.678429152662304
28.565910004154492
29.119022493751736
28.431140484663615
29.714172363713647
28.548022406599465
29.505145791565546
28.915465964399466
29.759922802934625
28.837534205134553
29.349268770554893
28.80564808010604
29.550878923450874
28.486365704738553
29.390812007736077
29.35337672335363
29.502862850470578
28.7922018191179
29.645286006092604
28.83912044995118
29.545050470897348
29.55171174725747
27.695960803217094
29.442596713394217
29.00504819993638
29.221675700530884
29.575675523213178
29.32649051537886
29.328541161169422
29.669191972780453
29.34228788896351
29.63020733990322
28.832776517495017
28.153470264465028
29.48357573158816
28.293246269663527
29.313578038075537
29.362623823024958
29.472181233048047
29.066354356518666
28.581482667684277
29.271435550282643
28.78983025252768
29.19238853547516
29.21638339370298
29.495808720112517
29.601558309572876
29.388752645076305
29.444250222886787
29.442803391924524
29.777036285026657
29.143706833057713
29.316446494722864
28.63866280657672
29.212924075583135
28.570190794716872
28.164056834358465
18.641102563076938
28.62713032795277
26.962612496785805
28.414961147355513
28.612483798349135
28.89833264434339
29.06011140980517
29.480260059743454
28.317123394027774
29.401319248266823
29.33038698759458
29.359335297946956
28.940405301906452
29.400288794493278
27.772065737025414
29.494979044190035
29.731865514528145
29.11841602854703
29.250613702298594
29.49331983236295
29.411009045648974
29.247350217561085
29.483782985842623
28.268837786105195
29.5302814818987
28.40149242614048
29.302723963755003
28.74779986291981
29.38278212501839
28.765149644748032
27.99076385088691
29.76203451407811
29.192998085957893
29.357074864214123
29.63606944257986
29.59257769781635
29.45789876600437
29.679899234350895
29.569211897325992
27.305066760411172
28.870087140870858
29.038181679716978
28.57914568584297
29.371671066729224
29.165187884182128
29.194217263292707
29.613262164986303
28.520845091492646
28.855588043066973
29.605737195776157
28.882611779450347
29.736292095001772
29.577761166664317
29.50722149917338
28.737557553168166
29.66310697463896
27.396561634529967
28.969789062176236
28.7460266330384
28.852610579899565
28.8147512039626
29.652621458062328
26.84457643173498
28.686651483130543
28.679393906241454
29.08146936058686
28.586352607617023
29.065347248208667
28.766530640238674
29.104878218027896
28.61014174431454
29.229006676051235
28.722797838755845
29.04099648957605
28.52453040627848
29.649896437887474
28.782125358549607
29.601558309572876
28.786273635084587
29.16904160842322
29.15647005665427
29.07380912771031
28.66567339630121
28.75568353215412
25.51279805352798
28.24466158021266
29.740298232303537
28.882015121675778
29.540888697942712
29.474873683248887
28.805054597898497
29.564626521650254
28.960987667960172
29.58255926309924
28.70962530973209
28.545108074263624
29.298016205644036
28.66391028313298
29.150998735074577
23.05271951809348
28.64081395745843
29.10912005774209
29.404411043030805
29.58255926309924
29.67464961122942
29.202957681756786
29.217808056954574
29.181217952731803
29.501410253704993
28.90829140533462
29.6044834060334
29.105484119439026
28.934815152079583
29.020902668705503
27.051125113672274
29.817044388204852
29.59257769781635
29.565460120537132
28.90669754235069
29.431646901971792
29.397197866509668
29.500995252329876
29.347831258702605
29.509712733847874
29.593621675015875
29.23593375341549
29.338593472391263
27.059676649333557
29.1081099837606
28.903510343591936
29.04884062387456
29.529865667858854
27.318938846226494
28.357711264510808
28.919453369554724
29.214551887942385
28.469930221824008
27.98329397008393
28.188095190091197
29.64067700787958
28.295918505025973
29.655346979177715
28.411881456392887
29.675279467949625
29.48502657256137
29.58255926309924
28.598047237222495
29.45562313018807
28.58985999209303
29.562126007005872
28.752726649528707
28.685866703142633
29.667722951561792
28.774029787263235
30.14167139767019
29.079251509668115
29.380518079547205
28.647660678915376
29.827222301237377
28.427864608043812
29.94797683734015
29.01166884549674
29.773654284355413
28.993018401006456
29.914229268744965
28.72338793622966
30.000243188922028
29.01748948417091
29.664995155210093
28.738935900510466
29.473838067263504
29.01267223728626
29.68578101776488
28.40553170163486
29.583811196456406
28.74346568714793
28.381889417448793
28.4538997469591
28.807824390779967
27.621908895137867
29.38957635550822
28.230403704551268
29.190356884360558
29.087116326162636
24.43464177939343
29.321775118145467
28.97879602313161
28.838129026491476
29.318495736054803
28.93561361268825
29.407091124525866
29.33654142069776
28.749967440999665
28.801889772430748
29.339414373452342
27.286770063495368
29.45955399473222
28.805054597898497
29.536312101686562
28.959188041564538
29.442390037765517
28.64981318178403
29.282266453500142
29.352555040799473
29.034965422236375
29.070584973662324
29.403792632058607
29.063333240943486
29.52737102951115
29.431646901971792
28.515028111849126
29.53381637409606
29.04823707848827
29.11599042032557
28.761204673871305
29.258775601317037
29.028334140770987
29.52383767993524
28.001602264533876
27.236801433822098
29.02351329282976
29.499750318256307
28.478242271576104
28.826435375458757
28.670964037432242
28.522008772228077
29.313578038075537
29.545258590326988
29.641933865257
28.7180779316814
28.916861431122324
22.08876998588612
29.31214402023887
29.139657352471204
29.02009949422615
29.23776794116622
28.66743672638047
29.356458442694663
29.569628820191053
28.871676969037818
29.724280156193526
28.660384707369573
29.713119863984133
28.76475509896169
29.59132502240001
28.65411915806445
29.230636281273956
22.237029339723673
29.409153058147933
28.787459076589407
28.323816212419977
28.398223377748888
28.438465763084203
29.540264533122983
28.969388882749474
28.52453040627848
29.051255056242034
28.847451099067374
28.838327305730118
28.79062073131388
28.353493905860244
28.66959220221739
29.050047789890705
28.51677295658204
29.818952217774903
27.351361926064076
29.230636281273956
29.17228763988677
29.42916883007536
28.53132163774514
29.665834423736605
28.9440001104126
23.604083424313707
28.872869455076135
29.406884947065834
28.886590128031184
29.095389054988658
28.94240230749591
28.825841036390504
28.848641584703213
29.123672899727115
28.838129026491476
26.844748244721362
28.59843722300255
29.91060273269247
29.38381135194967
29.14390933663153
29.289423332076368
29.593830479294994
29.30722845264298
28.96858855706274
29.55316930187988
29.478188143514778
29.71354085492852
29.84653701371247
28.858963244299495
30.013338294644647
29.191575841093528
28.51250815749402
28.982800914889058
28.786076070992273
29.65723417193444
29.810898597695758
28.808220118960946
28.577393200245282
28.846062323335833
29.88694518273609
29.05145627705628
29.992305822118617
28.66939623647462
29.82764653173847
28.886590128031184
29.81216993268937
28.329364087670122
29.579429893228394
28.985204381327527
29.960170290579732
28.675864520804563
29.786129220105956
28.834560466379305
29.670871032321504
29.4019375552035
29.601349396229878
29.580890183439006
29.407709674252942
29.822980659840727
29.489587288195178
29.72154195011338
28.717881302549777
29.88737111381888
29.18690372638391
29.924900649966823
29.81005110127149
29.57025422653375
29.40977169462052
29.55316930187988
29.803908192993674
30.30216159981505
28.979196462500433
29.97130280683702
29.590281207229832
29.03355853361391
29.645076475078454
29.482539504020693
29.937502676621317
29.010264213584176
28.476308803660782
30.150771685919878
29.029740523106526
29.00123768366465
29.859710821758846
29.113565216184135
27.224072799968845
29.36776361854082
29.70533368272697
29.32792593732082
29.983729608395407
29.773020244754253
28.985604997823128
30.04192959209254
29.25102168909966
29.574007220216608
28.65901388433366
29.764991413202377
28.993419233534258
29.51448877630005
28.845665554829615
29.567961199269668
21.02724219180829
29.50556090972403
28.469736976073307
29.58861125611976
28.291337839113954
29.31316830437639
28.698035620206223
29.72091012804433
29.187513047835104
28.345637629249172
29.366735515490987
29.20092455930268
29.67318004952246
28.705106182032207
29.11275690458177
29.4310273448738
29.56712745934286
29.28144874721623
28.489848594969466
29.679269181508765
29.7457820644658
29.174316776450784
29.87289626437805
22.72571818684236
28.889574608772318
29.226969925021603
28.764557830127217
29.790360384675484
29.165390686386996
29.27756526595002
29.771329604497318
28.529186902284074
29.833799230380755
28.961587593130925
29.471767053599034
28.863332324038648
29.52321423543655
28.89853175232019
29.7624568922697
28.515028111849126
29.961240365452063
23.39605296919799
29.569003440302296
29.483782985842623
29.693767167898507
29.13338288103689
29.144516864238366
29.649896437887474
29.482953986306956
28.515997443672408
29.374345183068606
29.121246415652404
29.40647260081889
29.312553725303832
29.77090697443323
29.4353647924094
28.165569851459882
29.56087590829322
29.381752970186056
28.274554745116017
29.80433176055938
29.643819351190896
26.38092961821498
29.19909499112395
29.52882618398913
29.583185216532655
29.754855918616364
29.27163983278549
29.443423444925696
29.798191208962965
29.12913396763664
29.751478954163062
28.862537847508946
29.43846375204419
28.815741020638104
29.39760995268968
29.153430180023634
29.415134301143137
28.484431133657953
28.582066972864677
29.491038720881996
29.55900095844844
29.616816952527557
23.814359119943223
28.830398262327986
28.703141787623096
28.880623016064284
28.470703231061634
28.829803759837784
28.724568203920064
28.313109221007156
20.136074278197583
29.375991035158986
29.11801173244472
29.07461527797033
28.277032812194513
29.129538572658834
29.429994807673417
29.00885971767863
27.71279625237035
29.852909985124448
29.473838067263504
29.535064185168753
29.20458438357309
29.657443874845324
29.471559968239916
28.99983406161845
29.62853287935407
29.821708402656313
22.40307659438094
28.880225296252178
29.497883114143047
28.360779222535516
28.720044371101267
28.289048062266467
29.364473942143437
22.592290952965765
29.466797808065195
28.37324963132331
29.616607823753707
28.60233766588017
29.565043315217775
28.307758760326116
29.542345185101706
28.738738985652226
29.562126007005872
28.544136762374013
29.695238769513963
28.75430357791687
29.5546270002889
29.587150203511545
29.622046131898244
29.27450008724481
29.40173145000175
29.284924314360723
28.956788887584832
29.180202869109074
28.374785208837896
28.331469022722974
28.431911388887006
29.23634133080537
27.007752736638764
28.45756778028062
29.26469582690845
28.76199358147955
28.464906684764166
29.215976372577703
29.1260997882018
28.054419220633285
29.6622678604263
29.52175963399613
29.499957799971867
29.13864515815288
