0.28536494844378857
18.31357874835718
20.104416515678775
29.61514400502729
32.385696967825126
32.47496419031396
30.709953286766535
27.343872847820275
28.524724396596866
30.689729856294086
28.75390932960396
28.83515516506483
30.915030367356565
31.403188008655093
27.480207036624517
30.22181231265852
28.46297502714441
29.852697508896796
30.31815126171906
28.919453369554724
29.063333240943486
30.11418724870764
31.412360324735626
28.825841036390504
30.472559247903984
28.41900425508849
29.111544521332345
30.401438056304542
29.45210692994221
28.41823405062605
29.69082440219161
31.7471313088498
29.74514921139226
30.32494649777315
29.394313586701333
30.30807361856795
28.3790089041652
30.10899902371791
29.706596029491966
29.487721370369588
29.196452686240935
29.16883875544181
31.172364587668707
29.42648472305048
30.3743581944716
28.182413137401145
29.409977912561793
30.44247993148398
29.59717174853401
28.897138054097255
30.372598573445817
28.113464528929164
29.9867307252345
19.477136687640762
29.836558160710222
30.243168019843388
30.53511939429237
29.93857113285795
30.481417421258413
30.791340287922946
30.149688030133127
29.222897274399422
30.18092853236623
29.494149414941493
29.598424919023053
30.421062556663646
30.140371804913805
28.98820927500173
30.619380648552365
29.28287976318472
30.24447649264494
29.153632818744832
30.429670042659392
29.940280821477774
30.44203803164465
29.57692687398632
30.247311905500226
29.606991091722783
30.191573749487127
30.141021587283337
30.23096106442173
28.845665554829615
30.18331762149092
30.13972205055978
29.840803665442955
26.09144406982097
29.34824196200539
29.472181233048047
30.076613076713468
32.57838362654861
29.99445064218084
30.009258265541938
29.700705995652143
29.343108996781865
30.129329789526615
32.57332349629169
30.185707088880893
29.334694819591416
29.94904604135725
29.18609133735535
30.10532511250996
29.90335229784261
32.37969660709461
29.48233226724774
32.560427276114766
29.841652911377995
28.451197590573933
32.92413240915906
29.81852823454973
29.779573289786644
33.03720157218586
29.499542839459284
30.15185541960807
30.054845759736306
27.69120666547829
32.442560564338976
30.26346207961441
30.218763959134858
33.07680296518276
30.328893516710774
32.816198791975715
30.647571169696615
30.147304261573957
29.60866311821429
30.384700086931325
29.101445253144796
30.156841598182382
29.947549177108993
30.329990093210593
28.470123470198136
30.09409283003164
30.16074497537123
30.099707923385505
29.322390083961942
30.482525055052072
30.509576286597564
30.122838264866417
28.736573100296663
28.859956100816746
30.026874753910583
33.20590284375198
30.469017419982855
28.949593810177866
30.385360446836717
30.474109056562646
30.530451809202145
28.896739879295616
30.236845330353603
24.69169409008224
30.443142805298493
30.198094936389882
30.403201020615267
32.85655869335318
30.156407951971815
29.644447899807048
30.241423565547176
33.0174364141601
29.77999616594364
30.283346088865144
30.494936055430745
32.322554791775836
30.622510367385082
30.562486792920275
30.50336356297681
32.98757353635134
30.095172492968256
32.08273287744581
30.466361589307766
30.108566752329406
30.86657099753468
33.087240168816315
22.494752141244362
30.27241757607252
33.05672987500197
30.0352605874855
30.074672135261682
33.04787418449998
30.007540690395277
30.603741645506815
30.245130771505007
32.35297203066907
30.09625223337615
30.164649363164973
29.98715950525488
30.114619681500308
30.416870929844663
30.21985258622553
32.98679522772137
30.44004964111794
29.95460713316479
30.565604891308308
33.50109825158348
30.81758400011756
30.383599550871093
30.676038002179492
30.294063689483075
30.892715622007806
30.714001171646164
30.148171042890105
30.149688030133127
31.001862637849985
30.360506695620703
31.23899750493427
30.143620996952798
30.629890093840142
30.70073708634963
30.599499529440948
30.491167362130884
33.66647402555705
30.811924246653835
30.473666238002863
31.081581385008707
32.94197480443593
30.76468991821616
33.14292938870978
30.940115961700183
30.329551453095284
30.480974390279354
33.91830760397545
30.83661601123389
33.593400344399505
30.55959198542805
30.464812568548123
30.819848483735147
33.645679081669485
30.72795205790561
30.359847415546533
33.18147225188877
30.452868272211774
32.715348735628595
30.360506695620703
30.07941710113955
30.911384941925593
33.2327390856509
30.614687269621832
30.370839156281907
30.308949669400587
33.02159553445602
30.791340287922946
33.1219912818245
30.55135591862303
30.555139506082902
30.821660310251833
30.545571067560974
32.45260128129739
30.785012294029137
21.381292470191216
29.716698667309043
30.106189481542096
32.53466544625266
30.089990817263544
29.970232013090484
32.66897217808518
29.92105807574601
32.706930029086315
30.245130771505007
30.099491919510864
23.770900043639166
25.568164638755455
29.62853287935407
29.72069952665741
29.937502676621317
29.55316930187988
32.82313260554838
29.96573551475316
26.522391268606697
30.07186899538272
30.338546112115733
30.17615148855346
30.38668125276206
32.077089563082666
30.507357166236318
30.328016312600326
32.99977183499736
32.57762450678845
16.91510796009066
30.48429743656833
28.881816241229007
33.26964384865551
30.131061335325644
29.692295712131617
30.50247623757336
30.82256630339729
33.28020312623978
31.03581365062452
30.44667861990868
30.46724681475455
30.242731887401938
32.423500309214596
29.836558160710222
30.927340028609773
20.379693695094456
28.74937625092534
30.650706654389733
29.04361073026161
29.113969388817548
30.159226875287622
22.125474101778245
29.811110479331326
30.433202728196196
28.076579109433155
30.314864337443442
29.125088535518366
28.798923380092145
29.87821627012395
31.28443350488551
30.346228701660458
30.31333068333755
32.26983443097187
31.77069793513006
29.25081769427649
30.680750212130967
31.265544051106588
28.207810724109407
30.32933213779539
32.55789980283483
29.286355670067103
31.296338578858222
28.358861670982616
29.93942595275995
30.624522667367607
29.333053591535013
28.137039049554897
30.809660927307988
30.22399008459798
28.78726149622512
30.403201020615267
30.349742038654405
30.684116962829112
29.203771010012392
33.70326562098226
29.676119318503424
29.486477556328868
28.395531785254892
30.44424765914205
29.241437007187823
29.618699244403643
29.718593676931143
30.588564760793467
29.216790426169215
29.625184525953706
29.876088040458722
29.53922431703418
28.597852248321004
30.067557492687964
29.753167340568915
29.30640935165841
25.71205080735137
29.75654468833804
32.876904746974354
30.30873065194456
31.26437878290945
33.23194916529993
29.79903803116097
29.59738060291295
30.44999419212452
31.11570732286327
33.31906611694987
29.427517013961975
29.318085864869776
33.15629125461459
30.690852681413404
29.368997437226042
33.106566370144684
29.739454745275996
30.67895491383598
32.93188759686879
32.875873961435964
29.48792868291174
28.466452199644365
30.939887727477263
33.33310021457522
28.03885312422705
29.613053086411036
30.24949335410401
31.184648212997867
32.88721615857484
30.07273144430423
30.9423984891407
29.434951647086894
29.17594028895582
28.950992572958945
28.788051833955635
30.607091515430138
29.229617756716262
29.49311244401004
28.854595487066593
31.262514534450375
30.23183266300509
29.780207608525867
29.26694205649213
30.429670042659392
30.30106703462625
30.72367543968883
29.72933663162819
28.419967069377908
29.661428793686266
31.054656380032874
29.686621462848407
29.054072401324447
30.92072806623073
32.1068005756453
30.10964745407427
29.235526187389347
32.53517018833969
29.866089420879113
28.61970754607548
32.085187111777486
30.31552166528134
28.838327305730118
28.265027764299962
30.2246434773836
29.27388712851938
28.508438402718777
29.95674656458018
30.059584471057025
29.585063235781647
31.23271676644923
29.696079750214174
30.101868132656797
30.9305330226247
32.657017168217386
30.072515827436135
29.56671060701119
29.85949824871145
33.012758655972796
30.000028610256777
29.901007321437483
29.06514583492138
32.23932543678276
30.292532139245992
29.291264237776986
29.75168999198451
33.187248284975034
29.587567632390183
32.1060632736013
29.692926318174095
31.607653411103325
30.274821172071807
29.37537381901207
28.577977338229985
29.61995423858083
32.92103135669715
31.099787937656636
30.80377785285175
29.880131936083664
29.735238027719685
28.014132953961035
30.108134493352857
30.01505653356233
30.947877929283987
32.21208979410025
29.035769419811288
30.98949359419562
30.39460850030798
28.41669376693767
31.256224336952553
30.397031539888683
32.21580103537797
31.275568944432845
29.22004709423026
32.47244996709635
30.824151919571992
32.66769995248962
30.74867674442473
30.08135865511504
32.5796489047693
30.910473719895055
30.066910873913073
29.250409713165915
31.168658224838
28.567661081596512
29.562126007005872
29.799884901491307
29.591742569088254
28.717488052364192
28.95259132451611
29.016485759154335
32.25097653246394
29.529657765230187
32.96527657701558
31.745209046047652
28.488494036460455
31.246444614960552
30.049247390404137
29.78126486647685
32.15085430448347
28.662343253493695
30.84432612900142
28.867106684928114
32.38219648716464
30.07273144430423
29.033960487879167
29.427310549985616
30.692873973685366
31.19044573672234
30.056999534200436
29.27572608170644
32.17527117629911
30.93943126913289
29.545258590326988
29.900581001603992
29.39101795987583
32.45913108080917
29.295560584471826
29.214755377242838
27.76066927883088
31.106938109541293
29.478188143514778
29.642981327830157
28.682531867169978
29.469489274698407
27.073475210265745
31.47600822489381
32.65549162650556
29.641933865257
32.46591480830708
29.48399024301089
30.067341950006092
30.107053900210317
31.01080197851434
30.055061123292777
29.95524893050229
30.007540690395277
30.08481092557526
32.49534375629484
30.940115961700183
29.804755340164576
29.447144311440304
30.954958412363375
30.041714416685767
29.00745535776035
30.517567793712118
29.095994561371867
28.31196252345659
28.24447138047138
30.11743079740064
29.784648596445134
28.6486390492128
30.146004183047875
27.876168069014103
29.62246454601955
28.286567888912117
30.66841177803938
29.126908840910826
29.84972315925815
29.92981204241533
31.89051261385928
30.884526456857575
30.04515759312321
29.61807178719468
27.41733559942476
29.882686539516527
29.46141634940927
32.2961730961731
29.37537381901207
26.664361093452
31.33913147434173
29.73692457124221
32.465412212735984
29.328131009069107
30.11548458434453
28.294773199492703
30.086968997030258
29.62748643761302
30.100787989263825
31.48285982360668
28.988609974565964
30.332622200365932
29.610335333568656
30.149037874050272
30.964099308267567
29.59863379108859
30.38976357984886
30.073593942696533
30.34293568689865
29.161943432433183
33.593400344399505
30.296470724202194
31.099557341677357
30.532674290789178
31.992189406883085
31.43802421017127
30.21658694023399
33.609551664730155
31.005987846888537
31.70968912543849
29.159510567296998
29.788456211870486
28.596682370748137
30.125650915411523
29.405854103130366
31.229228558451904
30.062600792723572
29.406884947065834
31.15939617259004
30.18527261212505
29.502032777660546
29.67359990944336
29.405441785791904
29.700705995652143
29.389988228039687
29.764780186637335
29.587150203511545
29.36858615281201
31.334214871093778
29.25265375012205
25.981540443772687
30.597267309109213
28.589080498943495
31.40977271876287
29.884176926584587
28.586937111933533
31.091949592290586
31.975360783087982
28.985404688191068
30.243386090781268
30.532452028069766
31.49160585037691
32.981866792482506
28.932420034628095
31.001175209726892
29.723226940302737
31.335853567426224
30.330648077173393
29.590072453032516
30.359188164104346
30.05850736000229
29.065548664287448
31.395666005464275
30.31815126171906
29.51511185233662
30.855217567219626
29.786340749788728
28.77797827742595
33.22352568418551
30.558701385751963
32.87793559715298
30.258658875302096
31.225508661956628
30.011190772621244
31.15870174057098
32.996137355937535
27.49551935494444
31.567925579154938
30.215933895728725
28.830001924610265
25.24332099545605
22.47004746547235
29.76372409877945
30.305664739884392
33.14109624759993
32.07561772060904
29.699233852123548
28.113652968342596
31.471757008223783
29.67632928856971
29.542761350669842
31.211102429586635
29.19238853547516
29.718593676931143
30.175283097598527
29.5546270002889
31.46278598754782
29.082477586481858
29.853334946653664
29.52591601844356
30.369519727172015
30.457954512446626
30.438282400923097
29.031950827842074
30.39086456250181
29.26816741797273
30.843645669407145
30.69197558869587
33.03720157218586
31.47293778654881
29.844413294530344
30.645108024578604
30.906829368939192
30.663030843574315
30.69579408815802
30.665272670112664
30.28181562208954
30.011190772621244
30.240333383802334
30.25582133479528
28.829605597789477
24.498723752226862
31.65273564259301
30.698714758321866
29.161537926719042
31.282800181984978
31.815522786576857
30.25713090274271
30.008614151820847
31.489241580203906
30.5705060458743
32.4568704682458
30.61401690436915
30.175934386128997
30.406286700207332
30.395049024225866
30.644212433605365
30.294720115565188
29.90228635388224
31.708250805122546
30.282252882525793
33.1387396498325
30.399675296436957
30.2604053186347
28.163489494853184
30.584103835496574
29.28533325885688
32.03592896696582
30.022361244327374
29.73650291742586
31.330469922986712
30.873387067093592
28.909686179635106
32.02810082698901
29.620790960451977
33.05829313660582
30.91936042697176
24.082496956891205
29.99144797997855
31.708969948969948
29.50410804727068
29.968947161587653
31.93713546029087
30.38668125276206
31.374529677974344
30.499149227032767
30.209840174590713
30.45264716986612
30.601285540226026
30.289906984805594
31.70944939632427
29.75190103279991
28.304320246177102
30.943083313045467
30.249711516270484
31.573628822209844
30.447120654485797
30.22965376077493
30.832082448157486
29.33448965604062
30.912524045016692
32.811577876867716
30.589903292151057
23.596248727166348
33.62625768641819
30.2246434773836
31.454527728823727
30.710178141268294
30.471673713729423
33.55872751712219
29.934938692778736
30.60485818733719
29.427929950606195
31.229693607832917
30.173329400677662
31.004841845371416
29.93194793331811
29.93771636176758
33.08175981575253
30.16096185928781
31.330235893452052
29.151403947734224
28.703731077714817
30.701635984335542
30.536675573158213
33.67431255268757
30.920500117952347
30.383159358769113
28.67018011552001
30.226603825254752
20.18957765733155
29.656395389945555
25.357935721022468
30.6001692590539
29.962310516765964
28.897138054097255
29.98480136687613
33.06897938266251
31.624812443921677
30.44402668195774
30.03354003465708
33.635156375300724
29.769850451767677
30.276350931901195
21.96683740271711
31.47364629607396
33.198806385993244
30.088911526073016
29.807085243222115
29.75021279010384
31.37546846597497
33.5471858078655
30.129546221867837
31.567925579154938
29.765202642765395
30.55736558356404
31.832425130158924
29.714803899342552
30.235537517751457
31.961228673103154
29.269392882065596
34.211009698126446
31.344518096149102
32.397454118519434
34.270549400268
30.648243005268426
32.9575056575308
28.238006113078487
30.582319829673054
28.911280372221263
30.755215322231756
31.5634119727584
23.527817355696417
30.186358827466588
28.97499240100583
30.526452157584846
31.28676711920036
29.23409979578039
30.04515759312321
31.427894918251436
33.83185319620891
29.710594168815344
31.909436718298288
29.964665118771208
29.426691175438844
33.543966282519854
29.654088984099378
31.503195908035963
29.91230922835544
29.45045253793384
30.90318587722142
30.24207771232452
28.584014829353396
30.548018237170616
30.459724037763255
31.394021047589106
30.461714999527928
29.75232312341283
30.578306577431725
30.672000117004394
31.49964702524896
30.44424765914205
29.18812239472787
30.039562832137282
30.66594528199804
32.15011497777096
29.702178285131577
33.040845103707966
29.99445064218084
29.261225059299566
30.5486857151181
28.96138761531238
29.829343574425717
32.768
30.25975037876055
32.514236544469334
29.947335351573656
31.611464920148023
30.263025361665285
31.28746727138456
30.541122672627846
33.171762547254865
30.576746152668527
30.848182633893767
31.427423947250112
30.517567793712118
33.05542726993309
30.070575414748856
29.62120933911496
31.274869324663896
30.424593243821587
32.5281052239732
30.161395636478694
29.2663294142274
31.5570001203804
30.702759680843275
29.367146748072788
29.358307784917336
30.44933101991332
31.76179622127144
29.204991087344027
30.508688599713413
31.03374693865471
30.32911282566724
30.75296032613079
29.941990705377602
29.813441376123965
30.340740740740742
29.898236459803545
31.170742945473734
29.14208690577102
30.98789092225514
31.295404520119682
30.390203963337317
30.61781602902423
29.76879400408812
30.812603307302954
29.520097407853157
29.943059481995487
30.20766444122752
29.464727783631893
30.28553273835312
30.822113300166812
30.434527696750692
31.525216842295148
29.223100879973803
30.720075000183105
30.58321180656828
28.98800892937363
30.56760971912487
29.85545993579477
32.44180776102779
30.27198059962181
31.68334063543382
30.38558057318381
30.30938771380878
33.119637400210046
30.532674290789178
31.602890317136204
30.62094542799781
30.581427904806347
32.7941328245946
30.708154569282357
31.38885230198168
29.23511863272646
30.195051365301964
33.0989898989899
30.13798950923331
28.24447138047138
31.25179941882125
31.375233763707904
29.60845410457507
29.8371949094065
32.9849793170701
28.87366450049565
30.61871007774574
31.757467461176773
29.214144917845527
28.57895095460678
31.69890490262022
28.542582800835664
29.879493353470014
30.49294074881861
29.795439369183775
29.015482103573753
30.01570092387843
29.650944463296007
33.2712273131108
20.078527489887264
30.510907913784198
32.99094663153341
31.194389284306506
30.083947783675224
30.334377192284606
30.284876710350556
29.585480605774183
30.389543392890783
31.07812685240071
29.44921186589433
30.133226047473993
31.415654258108006
29.78486010509871
30.195920894437126
29.74177444973905
29.0802595817849
30.372818514924617
28.844078589947255
32.51020423981708
31.32719382763076
30.257567450584332
29.87693929594119
32.96113163064833
30.473887645674097
31.233181919725965
32.81542854907484
30.48895091881833
31.53161578421128
29.32013533540251
29.485233847213728
32.806958262937236
31.600033149754015
29.89163109245494
27.936139177695335
30.49471434180105
29.38442892271909
30.90728486581286
29.838468488336524
28.827029739036007
32.866342258476536
30.906601625536993
32.87252435478435
31.23829952036226
32.46792534621429
28.987808586514802
29.52175963399613
29.14147947946557
30.26914056016223
32.691379579111455
29.25265375012205
31.698665336537736
30.197442690934224
29.058903407280134
32.49005770943879
30.172895280161715
29.622882971961296
18.97840763063112
31.87475966470852
31.247142963569992
30.23183266300509
25.443308724954353
31.797674101253925
29.223711713720352
30.657875886265625
29.35193880907227
31.479551782886393
28.950792741428938
30.093229155456065
29.693977387770705
29.711436019494503
30.190487158816076
30.770332330716748
29.142896846903184
28.551326036050753
29.507636675742035
31.476244437273458
29.964022917887096
29.833587026104276
29.882260741943988
29.975586747091278
29.213127542207612
30.02794959908362
28.686259087769212
30.488507668823143
29.856522543813444
31.3112911052219
30.01913813957816
30.120891352900202
29.23267354335099
30.433202728196196
33.35695880388102
30.175283097598527
31.454527728823727
30.05592260838409
30.637273378036845
33.503239050730485
29.751056887501772
31.436374810750852
33.521178990441484
30.156191133543274
31.347563527653215
30.123487291452705
30.235973442715128
31.77719693009372
29.848023796985526
30.89544630887314
29.6530407363941
34.01458125522063
29.384017205988467
31.381337164062966
30.91320754716981
31.625289349670123
30.188096934625985
31.50769230769231
29.764780186637335
30.543124290000293
31.86458911030244
30.587672471631517
29.86757815281635
31.75915072766647
33.36624637047055
30.44689963559285
31.568163173145674
29.396579758901037
30.580090115049796
34.044675324675325
30.642645275354695
30.265427466374184
29.9715169747683
31.381571957652163
29.89163109245494
31.087340646308924
28.76672793613344
29.70280931102125
30.674467587175286
29.487306754030133
30.3930667671483
31.580047434401234
30.19179107700724
32.660831646161036
29.835921439190777
30.277006590582612
33.213791355854354
30.474994732291417
30.248402590471795
33.10107961361197
31.905553019930018
29.268780137191825
32.72428240397594
29.015883557474126
30.099059921062075
33.00055075610946
29.669191972780453
30.636602023300828
32.7163694794153
29.30538553981163
30.321438898849113
32.911731703297995
30.619157121686634
21.248278831783985
31.42177339606245
30.171158923009415
30.35479388605836
29.52924196875506
31.388147604900208
30.38646111046714
33.03147764590995
31.264145739693046
29.870343334496535
33.32992164778055
31.39449101796407
29.614725797682677
30.347546107706446
29.68494062026696
29.9054844137695
32.768256002000015
31.60932083320773
30.085458314504386
33.17989731906243
30.18874877641504
30.159443737371557
31.429778943424502
29.709331482242277
28.57895095460678
30.298440400771494
29.84972315925815
31.5084023828662
20.083430694681198
31.809008107144752
30.290781985729556
30.224207879054283
33.01535724687306
29.45045253793384
29.945197264146902
31.51503129484781
29.56191764987807
30.110512071329605
32.8936640760405
30.298221535171994
31.538728767040883
30.060230774743783
29.817044388204852
33.25460845021288
30.170073801268863
31.343581159344478
29.55712624643247
27.895078478318702
32.45285237885224
29.854609903837257
31.61956742983362
29.7624568922697
30.06389368732663
30.27066974595843
33.78851885865274
32.260402725860295
31.394256031017733
29.625184525953706
30.463927484547614
28.950792741428938
29.000435597286852
26.022645630013834
30.242513825898232
31.06822811344933
29.650106037042274
29.24633052791588
29.869492454832255
29.476945133564314
29.531528994282816
29.92020430437357
30.906146148801497
29.368380514924695
30.869524258125296
32.52936659970994
30.463706221583067
29.204381035935356
33.351653944020356
31.19694152299064
30.200704199998558
31.34967225000187
31.87282191572628
30.604634872453445
31.251100862062543
27.879132712069445
29.911242645747905
30.43607363922007
33.814669697995775
28.95279118087625
29.367352368682695
31.97194844001311
33.421547925448415
28.51405884592375
30.928708373890217
30.245566973138633
29.17594028895582
24.959409681930435
29.45872635711727
30.103380463647454
29.60845410457507
31.20344001547412
29.624138320714206
33.28046719405851
30.413783101777998
29.3509118136905
29.942418206868982
32.986016955817355
30.201139121105424
28.177869144312098
31.44627380416854
30.134092019426962
29.230228862933124
29.199704821709528
29.773231588287487
31.335853567426224
30.4807528796192
30.71670035445411
23.824098424906136
30.89044041832376
31.229926137717417
30.455079472266394
31.64151270774082
31.053046961182805
29.59048996437264
31.518109952207762
30.376778006315362
30.04666423101445
29.735238027719685
29.826585978111687
31.44886742796302
29.591951346851232
28.99482223466545
31.15939617259004
29.920631183969295
30.485405279683683
31.345689345928495
30.12435270374121
30.97484676168673
31.104400575471278
29.875236833482912
30.013123528612013
30.527118693411744
29.983086590082138
31.616468921017322
30.287500992901656
30.683443553578744
29.63732590922902
33.93092959478372
30.53134076300982
29.80687341880099
34.22301277762366
30.32494649777315
31.38767782442434
30.10294835357276
29.559834240126293
31.080199479811192
30.489172548649023
29.30374758963754
30.134958041154157
30.202661443631545
29.545050470897348
30.11851213557375
31.06638718326655
30.616475053834083
29.37990067315303
30.256476104598736
29.9492598913222
28.49817228118333
31.47270162379566
31.41918423911008
30.01956784689269
23.740357947405958
31.533749342154724
29.873747337981925
30.560037304733036
31.58504149283853
29.78126486647685
29.861624115393926
31.59122680163895
30.122405596012698
29.74725882636633
29.731444004168054
28.23705558809471
34.057391558536466
31.14366331046363
30.19222574143392
33.56275556337972
29.74514921139226
31.51124300364374
30.022361244327374
30.124569064582854
30.295595394594283
33.880497911904165
31.246444614960552
30.10359652333685
30.027304682745932
30.13863918888817
29.143301834352418
31.524742949912813
29.604274451400702
30.230089516094157
30.2604053186347
29.907403578075197
30.889530430684026
32.867887564551644
30.153806336585262
30.358528941292278
30.338546112115733
30.086321543085454
31.246444614960552
33.057250945775536
28.99161557443338
33.14895399473639
30.224425676649467
30.301504851212623
28.52433641859864
30.599499529440948
32.64405460517099
30.54846321922797
30.43695710543312
32.73986417922098
29.52778677329879
30.241205522909983
30.118079590986774
29.29371913871254
24.993022244203576
31.690282804318752
29.411421519129362
30.30106703462625
30.246439414152924
24.409472097584253
31.61027372482817
33.40956811266349
30.13885575499763
30.466361589307766
29.527163162007476
31.57244047663854
33.32436061431874
29.108311992948998
30.6625825176001
28.84665749656121
31.334683052556873
29.997024831216386
30.492275704637485
29.927249375668925
32.48653463352671
30.201356586356372
29.99187689491448
33.08567416838236
30.131710716312618
30.115268353975946
31.626243204319074
23.007322973291718
32.69494722728903
31.557474983071252
29.970232013090484
29.98994687430733
31.519531073870894
29.844200939234383
30.353695515302395
33.2006459171073
30.392846532321762
31.64533238771399
29.499335363580737
30.285095383193497
33.25539944816212
30.081574398806577
31.479551782886393
29.816832422211007
29.833587026104276
29.959314285714285
32.97927347067149
31.776474688243404
29.899302115040527
22.917064162036052
30.278317993142032
33.259618739493135
29.541512889139316
30.589903292151057
29.78739844327027
28.837534205134553
29.930025617788306
31.5136105789098
30.335254764401693
31.829526310197764
30.688607113328896
30.502919893822042
29.29596982608088
29.933443238344
30.792018441569883
29.97387302404025
33.13612160091011
31.68764920975492
30.2381532560973
30.601955348022763
30.283783393501807
30.748902166342877
30.891805500316703
31.500593315809237
30.16660193616134
29.567544323428855
31.189981855498377
30.74123967487302
29.950970800991154
30.69781603138357
30.648243005268426
32.78516098270188
30.468353418905863
30.644212433605365
30.061523465496975
33.22510476160299
30.580981961882262
32.03568427966943
30.42282779780513
30.153806336585262
32.83084028022387
30.652498647996843
32.88489552706888
29.54942159473588
31.77045728266386
30.982397305302968
30.373698312694618
32.239077632590316
30.036981337458286
29.7415635525616
30.689729856294086
31.464674198436633
31.669226296992623
22.08667628566313
29.44011679733837
29.995308656101606
29.68178955339009
31.54560770156438
29.00986291516233
30.688831655350036
31.675923058914154
19.839854688564294
30.466140290983578
31.64724257354772
31.729359255616917
30.49892745213528
29.901220485913083
31.41965496318159
30.514459487970434
29.474873683248887
30.406066273750753
31.669943671755842
29.56879498621774
30.605528151542572
30.77552517848364
31.252265140677157
29.655346979177715
31.002779256105494
31.148520292599606
31.61170316998538
30.850678533338236
31.730319398423433
30.56916921148338
30.72367543968883
30.597267309109213
30.806492838780756
31.87136875859606
30.429449277044625
34.40068894812384
30.694895532218524
30.278536571280068
31.908708452836503
30.910473719895055
34.105300818825675
30.087184821204403
30.40452337803552
33.263311497771504
31.397311135730753
32.67304396597389
30.465255129834755
30.195051365301964
30.55002075852374
32.80003128054741
30.837069440870494
31.94954257725912
33.37607028042143
30.489615817976958
31.134878334842703
30.196790473653518
31.66731345650024
29.681159420289855
30.453752713701743
31.9108933489554
30.554249165901773
31.53137874003909
29.44218336503836
30.56493667380817
31.07697551216982
30.315959899676912
27.93037224478924
31.01447089184173
30.118944692584986
32.021498809014844
31.277901236409193
25.119503635296514
30.281596996606744
29.882899442853276
30.658548173704563
33.38776030057951
30.473223432312064
30.536453252180497
31.779845431125928
29.873534565034685
29.89866271278264
31.42365668734454
30.422386468314123
30.440270560571314
34.14083498164473
20.084777091414068
27.547166341562733
30.235537517751457
30.535341695848107
34.126945640057606
33.00366680830304
32.01636578756536
30.655187031325372
30.462821201865115
34.138334065862516
30.332622200365932
31.902640866496288
33.96610114588817
30.060661659308526
31.827594056851467
34.344914553360134
32.91431441329033
30.675364947488518
30.3269198788168
33.49574745046678
31.026859886228298
30.715800574140253
30.564268485524195
31.838707718467237
30.232268481144043
30.86407252604933
32.74063087887469
31.399896688801217
30.346448261391753
31.521189211125556
30.366001809954753
28.898929976504956
30.196790473653518
32.77286472210719
31.76372049346066
30.140371804913805
31.905067624104305
31.068458245063034
30.10986360373295
30.14687088960605
31.14528213620061
30.18983524195464
30.1211076640239
30.93532375002766
30.393727490778918
31.00300841913857
30.26280700741724
30.27154363578625
33.519035898091616
29.05105383821523
31.33327855013783
31.64222882749672
30.78004212318463
30.053984336373862
29.074413736214222
29.77111828796536
31.403658253532093
29.41926071403521
30.366881212849602
31.164952743268145
30.12002613947276
31.56531228128269
22.41948226188376
29.506598756225905
30.950161602148793
29.428136423274186
30.24447649264494
18.596883895396786
30.792470560596716
31.631251885369533
30.27329156682161
29.98930358930359
31.428836902603145
29.199501542017362
29.43846375204419
30.84183125726135
30.518011889083727
31.66707436768592
29.988874747965852
30.447783730417992
29.88737111381888
30.727726943054527
30.228128716082303
29.274295764817555
32.057721116512276
31.206225912533668
29.121246415652404
33.33945916728932
31.061555779370817
30.298878141456754
30.571620163853172
29.075018369865102
30.590572601760616
30.34271617799191
29.205601164240004
31.50485232701379
30.03031452935154
30.354354528217225
30.904779799140858
29.31337316979418
30.168337768826873
30.260187002193234
30.720075000183105
31.131180880279075
30.61312312969856
30.468132091644755
31.10278599660371
31.468923501695627
30.388882851160332
32.29542707106173
31.341473256317904
30.276569481639754
29.7371354026346
30.054845759736306
30.333280298537687
31.60384282108277
29.97001786352269
30.484962132775138
33.0444894389777
30.10122003731879
31.510769531279347
29.079654730127917
29.912735882696943
33.235635781583056
30.26761152885823
31.359516706666966
29.308866791980826
30.39526929097339
33.23721601039677
30.286626181518844
31.59646241694665
29.807297070653952
30.44734167658759
30.104244721014023
29.7624568922697
31.593368434531744
30.2381532560973
30.081142914518082
29.36324050349337
33.49441001724909
32.077825534974075
28.37977698386922
30.16443242621253
30.793374838482322
32.95698772649411
29.868003532059134
31.5688759765772
32.13262749844864
28.97379146461088
30.28728228531816
32.02785625925869
30.143187730872608
29.064944424425533
32.988870799021576
30.472559247903984
31.641274008358604
29.30763802030563
29.92191189584448
33.01769632848416
27.755158220728173
31.53944024182997
30.294720115565188
29.888010033206495
29.633975568225978
30.423269140100825
29.983086590082138
29.237156519678233
30.45264716986612
31.45877429177886
32.314337003166486
30.04946267373549
28.05685884957824
