2.93544655236005
22.673997070001025
22.903423797302462
39.376850643559244
40.97040264129564
41.04537759206161
38.2500022798778
34.03970199159214
34.24508691285853
39.71314680679828
35.05448345605135
36.145329196828676
39.73308576950039
35.086153099721436
36.80925342483786
40.64090539126391
34.7247965426743
38.83938476354511
40.49728685912909
34.87058745281921
34.780658910550365
40.87418018808167
35.99673872930595
35.86898592368345
31.678315446024637
35.507636043479735
36.322811393139524
25.538274190798607
30.79473135489934
34.497738152029086
40.822066065832246
34.68775017367429
35.83160196828868
40.970802848407295
34.570244051200476
38.98740483914446
38.97074154254973
34.94991208992659
22.510205067380817
28.62986600774056
40.26828214556591
33.99390520650976
35.79429585758419
40.7368226804324
35.965254971231595
36.076931016686736
34.77604490543823
41.20627185915825
34.362078288083104
39.86223151492112
36.166834812151315
40.40872086861855
36.05925187203934
35.51906237826669
34.456361724500525
41.04618094632285
35.15202105280802
36.63339563645256
33.85588479824356
40.56151480571727
34.97205939983157
36.66413748492106
35.77811329767724
36.715488716539156
40.89211270351955
36.643317054419335
29.021304272617193
32.74165320093987
36.06669361010551
36.66798384417673
40.92682688836197
34.92488446646405
35.3189676224159
36.645878292778825
36.00353657175721
36.051193453839076
35.85794648200393
36.210548126149305
36.62028200986598
40.3376033852664
36.41331411803518
34.86681906978677
36.1833710036405
35.76255520881295
36.56983425318023
36.798273396443264
36.135675577879056
41.02129157823701
36.608775344546174
40.905273218447974
36.22086737249348
36.81022256547076
33.727114827918946
41.03493684756342
34.01706407137064
36.80408553653379
34.98431074893028
40.81015022962559
36.84029125787213
35.182686742440126
36.05832187070151
35.634034238137716
40.488686385049036
36.82347260388225
35.68830726817895
35.5136489873332
35.5304960693955
40.33527590252534
36.76215017573383
36.145329196828676
36.271610917015465
41.051403515640295
35.0190695655078
36.78020291659725
25.06486273291183
40.69729577628783
34.553156433555486
35.92151623373843
40.84790759731596
36.542752095349286
35.965254971231595
35.20719873753484
40.99242564919516
36.02951560392739
36.51380267957413
36.02920610923085
40.64169299044592
35.59864880922069
35.846913833478624
35.819361891097905
38.59919199727598
36.61868342936965
40.5882056939364
34.36292284878624
36.431342233494604
41.14604118229887
36.54211535110647
23.902300586401637
32.815685292690944
41.27805060475736
36.078482645907705
36.75635127200708
35.468001623596265
36.59887262002408
41.28251968503937
36.30551900837892
40.75899130265779
36.227437228465064
36.92916699683915
36.54784684825988
39.891044662558016
35.94090831191088
40.74354989120298
36.209610304401124
40.10732761505876
35.40004895217035
35.88218083513701
36.67664110389213
36.59631794782305
40.99963832220604
35.47280108254398
35.85886617592996
36.70970452317603
40.77563360975278
36.65004106883836
39.127430127989854
36.84546931962929
41.438730648013674
36.95910472749703
36.47950459657149
37.03383485201667
42.109794787357934
36.294523333592934
36.59408290218728
35.28301759816952
41.96234267763171
34.098369185242994
36.66894556009197
35.560921430812144
41.66016746292673
35.5338071960487
36.201797011885134
36.104259201873084
40.32364251653592
35.93444195988725
36.645237949623
36.644277476847805
36.19523645150155
41.357011151976494
33.71735425576385
36.86684421942709
36.79149488605463
36.274120455253055
41.019285686343544
35.32134706561008
36.30866185356395
36.469037475002175
40.75265494894142
35.911366827631085
41.58540551259171
36.89083952680417
36.314005939342515
35.00679386382226
36.52843071510063
41.957305483864516
36.23807919269416
36.18742936025193
28.662734994840534
34.616750850087485
36.81636164143077
36.55326158002527
35.8508970622174
42.29706644615431
35.895078263399775
36.62539840550476
36.080965530293255
35.76773973478873
41.885238371047954
26.614955073861616
33.411431074999
35.112588214611606
36.31620690252308
36.8406148440931
36.53256684957756
35.637364691488095
41.942620573794265
37.00475539282721
36.75377456865202
36.23056656905681
36.289184980100366
35.88187386647504
42.081065896139336
35.04745351994986
36.849677566726996
36.99235335103146
41.891931843151355
36.16932987245932
36.32595723305301
35.80223982518437
41.69661301706912
36.64043608917464
41.47643016069221
34.86276172189944
36.24371570533592
36.69814160221188
35.913519252669346
42.206832704402515
36.67599968520737
36.4009893686266
36.89635637502419
42.12248177235021
36.81506903422307
42.02919985971241
36.00755468562206
36.848706347463214
33.83622004049726
36.31023348021435
41.46289962237292
35.905218463224216
32.805162097688786
35.48150341338793
41.96948077288692
36.741862013385195
41.51214394584216
36.60302472314096
35.88555783709788
35.44851716939512
42.194943814573
35.410210301479964
35.77872369464893
36.33162111828143
36.83608515421907
35.95323161323504
36.74958819612379
35.97111541826041
41.738521245895114
26.185432365445724
35.27114938275758
35.16675749775717
40.62948863251092
36.55644746589968
41.75223229839633
36.80150213650841
37.268788541166856
36.58865607062477
35.49561626214414
41.7638729848948
36.2622032403645
25.348280926106113
34.17170976519855
42.013622886449234
35.9295167770287
35.909829539130655
36.3643804024588
41.733122394356386
36.688832323020264
36.22712432413758
36.334768484428466
36.809899512922904
41.71817901510857
34.0515851430891
36.03942224246226
36.063282432246524
42.12248177235021
36.2277501381979
41.442825101030564
36.94966259668411
36.09866597813925
36.119493984826434
35.40811778213008
40.90686900802668
36.71484593837535
41.44364408873079
36.22462128409307
35.99117876725847
36.538295351592446
40.58938404219287
36.95422026431718
41.71651930019991
36.52302333681644
34.74493236246759
36.663816991407266
41.815919604402616
36.52047924212873
36.81797752808989
35.93474982864976
41.71693421654632
35.05741342850695
36.68177326115285
36.695894102310604
41.7888391834132
36.539250276594444
36.692683865662374
36.68530245250673
41.56438842148032
36.53893196271452
41.85096787068449
35.54103361494073
35.78849287951057
41.7638729848948
36.032301295488125
34.71588670562333
36.684019031626086
36.616125990850996
41.87771077119693
35.700457926901926
42.00604907361041
36.487120823293
36.84838261908527
35.862852061494266
41.06828551845687
36.61292969500166
34.663669421487604
41.266273120818575
36.34988343574233
35.963713065697185
34.95748564379954
41.858068121712925
35.42875484639361
36.254993992514414
36.6097339571259
35.55459107554591
41.56109355027299
34.191209077866176
36.4398880992511
35.79399039076968
41.95520701003291
37.006061354673065
35.7065363594572
36.30614753388848
42.03509686212806
36.75248635244429
36.02456432675708
35.98006399423537
35.946452751924035
40.92682688836197
34.01430540913146
36.48521646848007
35.377953220813616
35.330570437009335
24.664976977494987
36.61037306007018
36.74411514774549
35.59230501599586
35.90183776010682
41.60726933645481
36.275061621621624
37.795375493358804
36.661573693687394
40.71863077266593
36.41363024699397
41.62295944189185
37.507413302809724
36.99887970501839
36.7267409787834
36.40004165654181
36.21461258180939
37.87968607476045
36.48045645102371
37.44212245918176
36.35933666790918
41.77635235410711
36.650361321554335
40.281817832584224
36.25875498154343
42.002683811011636
36.72963553251484
36.75216431250219
36.98615544699388
42.14576111094364
36.361227904396145
36.62859687884795
35.73087080231033
40.81372425000243
36.446854362182826
41.702002425977845
36.78471887250818
36.39688297263056
35.98592926883676
41.68956743002545
36.2913829354607
37.6999146105793
36.47760103667499
41.84679237753168
36.502680498503096
41.561505380606036
37.902620639797576
41.845957378880996
36.719345858210914
41.82050591766125
39.14861207041386
36.54848379226211
36.92396538519099
36.64715904622939
41.760546412178776
37.42742158568688
35.883715757233546
36.89603180886532
36.16278107325148
41.09323196300505
36.4922000748236
36.703279778781194
36.49982160417011
41.78009761928479
38.24790946644659
36.6046219367451
37.359746321302595
36.454140121852646
41.84720988935338
36.67247228342601
40.94720399875039
36.93469531525185
36.54529929424066
36.34137972862911
37.80968521256265
41.899883120386
36.644277476847805
41.581282839298105
36.06855452458142
36.67696182164781
38.27513391675716
42.14533762057878
36.30080576062591
37.03841330954946
36.99887970501839
41.7568046512554
36.80376259169562
27.02236882795588
40.472667972557005
36.38646320410164
38.12899648191413
42.06840384345349
37.22644892162954
37.06820089968272
36.41552713602306
41.57716098334655
36.405728669386335
41.38394293100216
36.25186043094582
36.52779446984542
36.1849318023
36.608775344546174
36.2700426319385
40.15609382479656
36.09680195531688
39.31815966102966
35.779334112448495
40.33837927253842
35.21517988329625
36.75474079007326
36.03694507212881
41.458801201961094
35.83221419174056
36.605260861217296
36.18774157923799
39.05565539653423
32.742675586850794
37.09213109535011
36.42596355930731
41.03252819925846
35.64009007095212
37.51747826398082
36.36091268465219
35.625256935124945
41.830933099293894
36.93144316280708
35.91751729807495
37.33181429792082
36.067313893594516
41.51091141219901
36.051503326399754
35.891392337905714
37.106241429645685
41.214774927039215
36.00322752321928
41.82759583549404
36.616125990850996
38.07776597579686
36.05305276911043
41.269521410579344
34.83120463718049
35.403335809305155
36.321238677497014
36.237139944360926
41.47109889457968
36.05367258348734
36.373210305863175
35.89323520602456
36.71966732326548
41.504339135339464
36.42564721616716
41.47232906511099
35.915056857103714
37.32417352614016
35.841400054689636
40.83080876912893
36.11482891043414
41.49161126938905
36.00879120879121
41.147655813132154
36.31652134761414
41.636594663278274
36.10798898071625
35.58837903882704
36.19742304074288
36.25186043094582
37.42074318597493
36.31557802867632
37.1512692873213
36.23119250205157
41.039353437310425
36.17338507977576
41.133532088498356
36.36974090388818
41.30203245627856
35.10318450014646
35.90706275147676
36.18399530694641
36.03415866251998
40.51215083259282
35.0234558313919
37.59010575371931
35.40662327685905
36.08406961638721
41.15734625989854
35.8227270786181
36.05398249866763
35.929208997926985
41.33907609820522
35.28153363447481
37.507748714509276
35.91413427864403
37.03219996291751
41.6651335591604
37.14666288791271
35.777808107001505
36.9044723852428
40.53995225253961
36.10115164139023
41.122643266826806
36.00384562560088
36.589294437853304
35.82395093994756
41.64568977500645
35.453611035975115
36.063902598407594
37.55409313527984
41.662236525816
36.87559564628721
35.7114005959983
35.80407354924624
34.77460327988459
34.984894360616906
35.803462287021546
35.93167137839458
35.73970023091933
35.781775991946695
37.47691592876864
36.00755468562206
34.91732503059415
33.46207666839523
36.688832323020264
35.749448114212655
33.55496887950207
39.36576346588829
33.12434549805327
41.075122658231564
36.30834754455977
35.541937123972545
37.20168521885671
34.97555890961549
35.21872822080223
35.64160435078178
37.071804843556656
41.38108486749936
35.255436290126
36.205234445135005
36.02920610923085
37.2485990604158
41.67465522038075
36.005700060090994
40.42780583722096
36.34578856152513
38.22873600933319
36.09897666732651
35.354394955999865
41.333780081597254
35.988399430267876
41.403143015083316
36.763761307061216
36.05429241917599
36.208359950966006
36.10861068544568
41.10289678962016
36.77568806937247
34.33310686366799
27.69193796504757
41.085583864742816
37.343447563592335
41.681281551854354
37.386720386497544
36.39277750301516
35.88647894795383
36.98648160069135
40.27562896101402
37.332811150967075
40.86979907625748
36.80860735943273
41.71320026653141
19.0100618212803
36.87365052572353
37.103615438373005
36.86263205076374
39.23356967803491
33.746381417502754
41.98628587445069
36.772463857058945
41.948912847798695
41.21396495986008
20.921830652201024
23.59518679575385
35.51184489035645
40.991624397728714
40.59134810800349
41.501464418586245
40.39782326029376
33.84577644362674
39.45574954846478
35.83190807739951
39.700742086930184
36.829292707555865
36.236513805854095
36.54848379226211
36.5004568753209
36.324069663719264
36.09214274036021
36.732208852223565
37.02043302117443
36.19742304074288
37.28435930485799
36.50013923698134
36.706813109876165
36.14969058659266
38.88223079204984
34.95224206464946
41.00565082220441
35.425164063885674
41.501053777272055
40.44027922403487
41.88063784960409
40.645631444298004
38.60345509935482
36.911617428342616
35.24802931240231
40.83677185056811
36.78568672162778
36.53320326109679
36.235261593752156
36.53415791995122
35.99828346808109
40.064036679721085
40.95600039058686
36.69846269610031
41.415407705827754
41.31830719520845
40.48360600357125
33.961975708502024
40.79824134778126
35.68830726817895
41.922916999840076
35.524176540836294
40.433651779086695
35.69620425531915
40.44495872868934
35.59321113374067
40.95720019139317
35.26195700606152
40.372547887188375
35.70076179937865
34.80114833806276
39.64295570972193
35.69438156349463
40.73167984151339
36.23870538529994
40.06901229496451
35.653723223393406
39.022589408656174
34.5676798312125
40.13380793814827
35.623441481229825
39.97773456860727
41.14079450711133
39.6988632599169
41.592003490539845
35.80285104566795
40.76097181729835
37.994637292557435
40.76929208098834
36.512531230141114
41.89737186466751
33.02913661133336
41.1081338024718
34.01568468431937
34.38348662961324
41.42072466201203
35.883408762308896
41.84345258285281
36.68081087226488
34.26355043990426
36.8700850042634
35.74061386914805
37.04790085944194
35.40841669832426
37.01259254683598
40.566222411358495
38.72749600657415
40.79189278559063
38.55625827327548
34.326082330796304
40.62201216441328
38.19775055780702
40.393543665010206
38.82284772809315
39.58944735475954
41.229359782170626
39.8376216934986
35.349925411500955
39.74174475786202
34.54490347235949
40.19265008863974
35.43563921462607
40.56229933078024
36.22649853169805
40.41728740062636
36.710025819438975
40.400936262847125
36.24152351985622
33.7653982080036
38.67500230520977
35.24003327143949
36.418056628838855
34.817615074918024
35.801323033587984
32.45561470843135
35.6782891994658
35.06356796522321
35.08527261472571
41.40600412647956
34.97089305218573
35.62888839809042
35.28361121860121
34.67943280003307
36.15966343086711
35.9634047004553
35.00211966953184
38.08156891229344
34.97555890961549
39.133271132674004
40.263256921245635
34.715599367649126
40.72377031671748
36.86295602956557
40.33527590252534
38.65789231137901
37.327163020842605
39.02004819008103
36.1182498471501
38.77869822485207
40.14955919094068
37.37872401101496
38.7801324013462
36.44495420815738
35.691344157391335
37.421744793990115
35.811104565286065
36.0434483706861
35.0234558313919
36.52270530559643
35.88033910194444
41.501464418586245
40.484387517735975
37.072787858967445
33.379257655822244
36.82379589471651
41.555328782459654
35.95631375910845
40.74592473139171
36.604941396193155
40.50315291391048
36.72223924634687
36.26126274109744
40.56151480571727
40.90567215417024
35.930132351051526
40.04988207434568
34.76480339500033
35.59864880922069
35.34635058948451
36.6353154915799
35.90275970690954
36.278199195606106
39.925219410969596
35.85365520071121
39.03203111913492
36.41394638144187
25.077900879516417
32.68704848149505
39.377220323707235
36.3508285377522
35.39138652625894
36.42627990794216
35.60318147478503
36.771496703604996
38.68106572722326
35.281830417227454
35.5130476013073
34.5710988757377
40.80062256809339
37.4270876090875
41.4575718338259
35.79826740067426
42.05912317997674
35.77506162519938
41.87060385533028
41.628329826511575
38.71355522327445
42.06587234725398
40.768499528581565
33.50029552243574
40.33876722736759
35.207494271012585
40.64287444645782
38.53465019063806
40.376823034492055
39.310421098999974
40.5619070644553
33.71952278354825
36.23087953285075
34.05020295502516
40.62673382409918
35.15938773115161
40.38732041751724
35.30172624207789
41.31423730816966
34.31962229877345
41.71942388796053
35.387206182609724
41.851385465829836
35.24388276418392
36.30551900837892
40.7855461988759
38.561929979405704
34.71904773729999
34.04357001396058
38.93203631165649
36.1774411965119
38.8548560417979
35.420676609184724
38.95481606003474
35.80223982518437
38.450221847383666
40.790702650133724
37.73654709528822
40.23660555827362
38.05910802595164
40.472667972557005
35.412303068168384
38.57221420097665
34.57138382664458
40.22387172257706
35.3350350881627
41.602729671288856
35.19981201272271
41.86600654795177
34.90976886647191
36.415843303408636
42.10218626407821
34.32214984779549
41.473149219344826
35.576606302218075
41.0807549535255
35.20217542740602
34.18479970658951
34.98810457298253
35.453910720776314
34.884798682558035
39.48583640077949
35.49922134200013
39.49290045572671
35.052725707647696
39.02622029514115
40.05102937244567
39.0480198111978
36.50585757306735
41.33133622388648
33.67079827885171
41.539278215742975
35.626769954726534
27.06526424469252
41.45142608661277
35.4425262588621
41.55697569578615
36.51316694378912
41.688738693966805
36.82832256251756
41.97326074773837
41.815919604402616
41.36108947114104
42.06840384345349
42.063762999809455
42.00689047351975
40.35895116670676
33.354836657441865
40.75423885266768
37.281376662163126
40.03306258411202
39.25339722232621
40.73761400168999
38.79340356459087
35.213997263011194
40.29923423553262
38.52438598747175
40.31744078745002
39.203865890248345
37.08622762962439
37.17761350139162
34.920813594318496
38.083989358321304
36.83026290370734
40.71112146448469
36.06824435883324
41.34233585995486
36.60398303457665
35.530195088480205
28.421122532643977
35.219319679908644
35.191837830581285
35.24032935641069
37.25554706791494
35.29727000370283
35.0427684621233
35.00387234610763
37.000838060287414
35.225827041463354
39.61487386306752
37.09475546121872
39.55099577549789
36.2377661045065
35.898457693558605
36.7029586005933
35.362741130446516
36.516981690594555
39.38091750699491
36.47633210710776
38.85917580788615
36.79633642432909
41.26708514531966
36.73060048515207
40.67164439617555
36.92754133577503
41.46945878072413
35.85886617592996
41.18037937399364
35.88709304812834
41.46003064300895
34.792487889043734
41.60314232718688
40.06327131012876
41.37904363525152
39.028035991774374
41.77676846152314
36.26533859030228
41.46289962237292
35.752495418318205
41.56191721910085
37.83458266807386
41.62378556471861
38.463973588885324
37.81923104667099
33.91254851228978
38.2134110787172
34.153901275181994
38.419932215810206
35.90890722920448
35.066792632661425
35.378848457243116
38.15362223920241
39.14094009835851
35.25632533665081
39.90280935754854
40.12766445983698
39.65982393600424
41.80800015948486
40.19380558111009
38.672506154512845
38.24023777613669
35.707752294359025
40.365165673810736
33.93092959478372
40.096591941111804
35.42127487079012
40.150327861006076
35.387206182609724
36.80731529665739
40.010149669468
31.991701371409395
39.911542487391756
36.21680151280967
36.27663034077149
39.213028926160696
36.04004158825905
40.70519501945827
36.656767551411015
41.365576551343246
33.748010588736996
41.69371160460447
35.89047097480832
41.37986010398477
36.254053867164544
41.745583390562636
36.235261593752156
41.732707155934094
34.01209880147262
40.63421203049767
34.19622678428751
41.82092290511706
35.105241132258655
36.34736340396031
36.07972404538456
36.31589246287718
41.06949190713523
36.55294302197898
36.61197091505835
35.85059062857924
41.662236525816
36.185556159467176
36.36532625847509
40.42624720487316
39.48881043167161
35.575701029703644
40.03077011176117
35.49411436163461
38.40726699998169
35.28361121860121
40.318603466341116
36.2377661045065
34.86044366132799
36.589932827357586
40.11001243186382
37.090819051661626
37.9963582668249
35.28717336070401
39.27177393681766
36.057081943537014
40.238921667386194
41.117805640789356
39.3236890709819
34.22301277762366
39.89218287823019
41.81550271671402
38.85665582761272
41.826344498848215
39.26074584394189
35.04745351994986
37.31056077426701
35.56906377204885
39.26295096699305
35.079403843902114
34.602186198077796
34.9470000583241
34.27531032679311
34.82224011822431
35.85396168674081
35.50102415655206
36.303633562414525
35.03106129573795
36.35744562814767
35.6198111284734
36.68209406867118
39.86867294658897
36.60717776846809
35.355587025423155
40.72930666148767
36.52302333681644
41.076731727859446
38.02667295261063
38.30799441039739
36.87235389267881
38.4248598336326
36.38236008466049
40.266735789099776
41.309354501940234
40.15378724056062
41.60809483656565
40.688215435955144
24.950946449179664
31.909436718298288
41.00885820997673
37.81513938475964
41.7930031188035
33.30451492004002
41.05421621886165
34.88363814799105
41.81133429696456
34.74378111513324
38.246514384717095
35.63463972880895
36.01528434899836
35.179145663314515
35.83711273261676
35.19744891536945
36.32155320973008
41.56974370155999
36.011264509925134
41.86266368572341
37.941021094909
41.96192286528938
40.31240328703926
40.661392895920585
39.67257834151509
41.694955017645015
39.246785814541035
41.88147423287767
38.17376267360795
41.65602995361956
24.959409681930435
33.025755702711
39.3325393625102
35.48990971628745
39.83232509330573
35.350521285472276
40.22772960945293
36.10053019348619
35.59441936250382
35.87849755780433
40.36477721104802
38.33425338622114
35.85733337892829
38.66145564486395
35.28865779886755
38.14355998945081
36.50331586917547
30.377878048250537
35.55850960111907
29.95460713316479
36.135364256668275
34.460608151964045
33.47222421732226
33.90761370434445
36.573660850533216
40.27949678286757
35.68162793071767
40.31162839870443
35.864078666096624
35.349925411500955
36.6881904778566
35.17885060556245
36.40762473525225
35.432047036561464
36.39688297263056
41.252067863289895
36.35019846428509
41.952689118497254
36.31557802867632
41.10491086741344
35.62132368552914
38.835069396220476
36.50744631775018
38.656823439415305
36.10892154583882
38.82859814295369
35.50402925441863
38.683919760202905
34.818193138142
38.41113604102752
41.046582635246224
37.98844307580835
41.54956561363884
38.48126536753642
41.627503523293434
35.4021405179108
41.91411925771218
36.092763899525856
41.72315895232126
36.68851139763125
41.762209632292176
34.94874721905127
41.313830363562936
34.856387796993296
35.726305568095675
34.69033223882819
34.67398564862273
34.55657260556128
35.75645769040596
34.25935243571732
23.487764176195864
37.62449990132582
34.04578070716582
32.11688043186952
34.54035180183148
37.47289799783792
35.70744830286984
38.495392635559305
33.83867688584107
36.005700060090994
38.4361277079286
35.49051031891759
34.207382517493926
37.19904570166648
34.4359934318555
31.567212818640918
35.976052013106205
27.433475047419712
35.85488117626945
37.53224998210323
36.61229050279329
41.82467616644895
37.08655555064326
38.85629585711109
36.33256527087195
40.391598694157416
36.759572659310614
37.80355114916629
40.20382263290072
38.56689409125182
39.79453315496352
38.63581429624171
36.422167804234185
38.31674340422422
36.49982160417011
38.54633680108812
41.19372612184366
35.4425262588621
41.357826751466746
35.420377485960394
35.1823916252852
34.33001571503405
34.29156344787553
40.695321444511286
35.11729196145248
40.519586911788856
35.160566686226844
26.151473018050318
30.82347234980709
41.50803578497348
33.062723180854334
40.766122056236455
34.30867388672578
41.89151343847068
35.79521228931086
38.332151343447265
35.92120859168922
35.81691487908184
40.11001243186382
27.782367357753195
37.29165221875472
36.71098974197388
39.084042305362715
38.0387433795255
35.46200412594271
36.94836061241389
28.10366915922918
31.031910092408314
39.690598533238706
33.69433086173794
31.05764574339684
34.618179417129554
40.28607378521414
36.783751074316385
35.061516212895086
40.15417165286487
39.87890773560508
41.797584406266196
40.54739854217823
33.59851324938319
41.39170252240161
34.115564809994794
41.57345201161673
34.24285026166042
41.84846247480694
36.155922969501574
41.07230708969839
39.34840610165676
41.751401069092864
36.27663034077149
40.99082317758471
34.2252468380253
41.62998253136414
35.0465749761861
41.49653725909217
38.03115535970114
41.64941164788243
37.905018390825376
37.01912604478336
34.68574216650265
37.971591269158694
34.87029754828197
37.27706924286996
33.719793869134236
38.64150943396226
37.00247018138189
38.581439202303315
35.97790358552067
38.521909240363335
40.36710809978442
36.3694255365272
38.68463333425564
37.067545712442445
40.134960049758384
36.831556578092346
39.67295359527818
36.77762286816608
41.29389989367149
35.874508193917
41.09202417924778
36.449388209121246
41.334187419313515
34.95049455448432
36.67247228342601
40.580744410151226
36.62539840550476
36.02580201846683
41.75929908403027
35.209267576075554
41.273582491980086
36.73800014014435
41.6126356727583
36.970506831203174
40.32945837059259
30.07531908791051
41.71154094774004
25.572997262412127
34.17755722329512
38.76221281629485
41.52817354627273
40.03841270750403
41.785092350913544
35.42815633209166
35.68375290324227
36.26408438526716
34.89844075017057
38.7769056533999
35.41469510444636
39.3439768868544
38.993204109143306
35.37437272811612
38.79950417198572
35.69529288613908
38.485855592156575
35.55459107554591
41.265867120551746
36.45984405288641
35.321644518552205
34.77402666312927
40.647600957484954
35.91536439379019
41.66471967258712
36.38236008466049
40.732866535238074
35.264328773573006
33.785252847453805
36.79633642432909
34.6820136270424
36.57653132412446
34.16363799268557
40.17147782779427
34.31877986515677
39.58944735475954
34.231112634559985
40.122290458971854
36.00600915107864
36.8538867752111
39.91572055310766
36.34137972862911
39.19763747149639
35.841400054689636
35.39855512794544
35.977286373539656
35.5527828165528
36.53002142521208
35.32194197650428
35.911674301125906
40.40482819077712
35.958779856312475
36.85356295580353
41.628329826511575
40.7934797409014
37.64509904233645
33.57968392230958
39.01496674573276
34.30025678350043
38.428732420174995
40.22040025699299
38.50104644758583
39.271038537882475
38.67785544346287
35.66858007840736
38.6964111080358
35.27322574405638
37.73484957535627
35.69863480066728
38.34651989870085
36.846440368262
39.00118092297964
41.191703331238216
33.18567280380413
41.49694781103141
36.755062875169784
41.592003490539845
31.4460380414002
41.45839140448161
34.87870673740582
41.56026991409122
34.546610658100654
41.7888391834132
27.844707631844496
39.894838967413015
40.12651276703627
40.8761719130689
40.391209722462975
35.59411729762299
39.03384735651866
40.24471310688927
37.760328420825196
37.31653588142138
35.05126105196303
33.367042688262714
35.734828282484045
35.65857308032374
35.77353598417004
36.18524397819035
35.44342476634724
36.26659288209456
39.727816928089716
35.00124339706091
40.31899104087361
35.919670460481804
34.82310745064178
35.187704491686105
35.45660811199215
36.3814133423543
36.28165115393931
35.99056109971769
37.96299916730024
36.31369153780887
35.09114334956411
36.111719530254504
35.55519386942
36.0635925126609
26.0917686871703
36.188990509059536
30.079632816982215
36.34925339503766
35.73147958835957
41.067079200650134
35.643724558734796
40.29187880650925
40.1437951034628
40.206134969325156
41.75015428719317
37.79060799365697
40.05906230002961
34.32299244687032
41.527351214344414
34.88044707604284
41.80591659357308
35.6919515972565
41.697027537528584
36.631795910881316
41.596953348143444
33.727657247623796
41.83510542799577
36.833497260081494
41.802166698226976
36.16995369132726
35.95045813369447
35.08762067292409
35.15202105280802
36.186492735617904
35.18829490922514
36.84029125787213
35.082924870769695
29.45272737486658
33.72440299107502
40.27833635831101
35.17029608324878
35.733001644246414
40.580744410151226
35.26521826864869
34.791333488171475
35.38869904911366
35.739395695223166
35.577813403907
35.23174491175902
35.915056857103714
38.122065386328316
35.49441473156861
41.24517169492192
35.6488746855239
41.282113365025936
33.990323913871485
35.13818005127088
36.17338507977576
36.77020724480135
35.8941567110533
40.693347304285396
36.13411902546608
39.80397441494107
36.56090863922037
35.32610691394834
39.77076103240978
35.39407441161827
35.2311530352538
34.61389406968492
34.937102779605674
34.44560879063121
36.22024179620035
34.37841382249762
38.94613491805562
34.70066434463188
38.834350261561966
35.53290410030498
38.38547424680602
40.3104661220567
37.94788650839606
42.05532772502582
38.31289335464718
41.88649323413392
34.106687483736664
41.16380909385336
33.80976333268846
41.75763609573494
39.51857539925567
41.394562052800396
40.650752575621006
41.59984130919911
23.874817138075695
37.79810031901663
41.13514573771135
40.07475492537884
41.527351214344414
40.173786444963795
36.607816782166985
39.41977988928676
36.45794254422183
40.541911537271886
36.24058409297101
38.208537540765576
36.54147862905334
38.291906696489704
35.9914876089792
38.50776250677096
37.21786043870235
35.833744841903815
35.920900954909435
35.1364138994069
36.22180577745153
35.332653800470055
41.56685991774442
33.94548397539657
41.84553989205152
40.33217300998135
36.93957461799287
39.76585920834321
36.6881904778566
40.372159282324745
35.63797029534718
40.15224966494352
35.26343932336769
40.36011624102692
41.80299995016694
40.08088221241137
41.98964850984593
40.206134969325156
40.90567215417024
39.13363625337053
34.631041828360054
40.36205818104834
38.31814361410561
40.12958409475789
38.93420466359721
40.27756277908484
38.90423055161347
35.95323161323504
39.99908449361053
38.41746888080823
40.34691600292432
32.55486735279964
38.816380546943684
40.229658830412724
38.16681529473857
40.15071220707612
38.59528498076817
40.28762162733289
40.58270763991021
39.90394824469603
41.86517078234484
34.421015485872324
41.29715253436257
36.053362673634986
40.89131536871661
35.4269593641516
34.1689259645464
34.01182299564544
34.448720791753935
35.72295847102511
35.9138267630236
35.15054808755992
36.87656828352632
35.425164063885674
36.73639126588598
35.37109124641592
36.514438437497276
39.03493718008376
35.82762302573696
38.241283734500364
36.418372840149345
40.60470879801735
36.67183101054435
40.76770700698852
37.20597523329667
40.39082075826006
36.77407589254401
41.52365112365112
36.833497260081494
41.66927287719682
36.607816782166985
41.59984130919911
35.97666918273519
41.88607493808421
35.684663683234355
42.29919925775026
35.19715355050938
35.976052013106205
34.79566288648675
35.67100686323703
34.06126360240377
35.1641040258891
35.65675422936326
34.89873112285227
40.718235476856165
36.71773861736306
34.36038929121473
36.974743690330314
27.59210846583471
34.55913517789167
36.51761755922582
36.21429989898031
36.66477848875835
39.698111778903034
36.90771978916431
34.828312352609025
37.37739161431181
41.61635163962891
37.09442739517648
42.11782899030979
37.351761479001176
41.61015873015873
35.319265035283024
36.52779446984542
41.01166508589923
38.84226220794014
34.598761002086995
39.96173707578269
37.897141204958615
40.53446726262382
36.53320326109679
40.97600625244236
19.49053193120722
39.847461974748
35.94614468260158
40.185333512177365
35.349329557617594
38.455509814887826
35.02521064542258
36.53574912891986
34.61903661395226
33.72847090989506
35.68587812888185
34.606183117301015
33.671068581566544
35.68557450972051
36.83382072696297
36.12353802428731
40.620438521732396
36.46396466885748
35.826704933716
36.733817360156245
42.03720333547145
35.404531181416075
35.55097474148161
41.47355930862635
36.276316586087304
41.61759044273779
35.354394955999865
42.12544316892143
40.64602533166652
41.94513725686284
40.16416895689895
41.71942388796053
35.184752701160996
41.82509323707146
35.319265035283024
36.09742327486789
32.59813316545812
35.71535376414588
34.982268261355486
32.081505901070074
35.443724278966
36.0134289271455
36.97572156496289
35.86009250788711
39.557710082052246
35.83711273261676
39.26846485848836
37.02729616158763
38.84981752838962
39.902429742945756
37.81786706098749
40.84074820592216
33.31086296996362
42.03509686212806
36.48109104825523
34.816170000830084
36.70938323253718
35.89047097480832
25.24590400751183
35.93875260267165
34.582500577157745
36.54020525151151
35.60952914607848
36.724811529739334
37.099020847890884
35.62434918504803
40.420792937956556
38.02943123192282
36.53224865213264
39.25817351341738
35.25721442801543
38.83902511297133
35.38571344205313
39.14130536217548
39.95488492607834
38.16125921208261
41.530229518585266
38.496805932887874
34.846831278455355
37.82161825838391
35.63706189727686
36.8357616475651
35.17678533987504
36.8512963792755
35.94860938504392
34.70841746383768
36.13380773107506
35.99704766645497
35.88893547476234
34.761922127003594
36.04964417093547
34.95107703845673
40.81849058439978
37.27110676678367
40.289169588396334
41.8584858585657
42.291095717757145
38.5286325806985
41.985025025025024
38.535712316936475
33.46661560066386
33.59097898513583
37.07934262754493
38.44000256614702
36.71870294498722
38.23396322731789
36.97181037674312
33.164942910459565
36.92429044298894
35.68830726817895
37.12989208855997
40.1591696826947
36.431342233494604
40.65981620070573
35.889242564260535
40.36089299461124
35.98809064154376
40.859447453532326
35.867452261435446
40.0985086042065
37.22083292660201
40.23814960138914
41.63246183471304
40.402492944043615
42.048160401002505
37.366070076348116
40.38226544071632
41.76969576258527
35.63463972880895
40.50276179072193
41.751401069092864
40.95400087877752
42.41512028881451
36.91616571463778
40.270601902969666
41.74142889842063
40.71230696058162
42.17712303283222
36.097112612418776
41.97830177348973
35.93382623818785
39.523416445223425
35.36214484444819
38.73321820717168
34.8993118827122
38.80524767314916
34.76509154806999
36.07227692969254
38.99284160422438
34.50852366221286
39.25376458807124
36.40067345911513
38.57398789706991
26.42014689393653
34.98898018769552
35.5088384693532
34.05213804973493
34.70267407995764
36.0440678548717
36.65260324728665
34.17922829319969
40.702034954245065
36.93176835227923
40.63893652685328
37.25389254532051
40.5227187092411
40.88812634041724
34.54974093691052
39.35652891941598
36.28604550566658
35.60318147478503
41.06064670236615
36.337601580233226
38.533234113312936
26.19279094746834
40.14955919094068
36.8824051846185
39.29679389885135
36.229001831185435
30.98995153091382
37.10066164243003
37.727721659035915
36.6369155245757
30.40452337803552
37.13975543021083
41.95184988847658
36.88856836291358
36.07010543334308
38.039088361463044
40.12152286206237
36.951941289964495
42.42370052697058
34.17922829319969
41.92082196435889
35.736350623679364
42.30474557466337
35.558208145410156
42.13263686589654
40.403271329627884
42.1834858694559
40.852284016752705
39.53943758896671
40.80181328248879
38.686417384567136
31.63172898535423
39.517830728209766
37.33214657635446
39.30121249601769
36.01590286543531
39.16615930525726
36.987460096297994
36.128516546936105
39.133271132674004
33.787157943917705
38.10578722631053
37.92832662657684
35.34605272028585
36.719024398784875
35.09202412924709
36.57397976979421
34.91034999375754
36.48489909533751
41.538044070314434
25.804432085245658
34.332825827153215
36.7013527939658
41.85263830126926
36.844821982308034
42.257861064933756
41.09967467565555
34.62560986684058
41.58087061692657
35.850284200179495
42.42970875947113
40.655874997576724
42.22212826785049
28.748193943714103
40.22464324075495
40.96440047270703
39.13290601879064
41.284957773096835
39.58720540627271
40.69650602058935
36.23807919269416
40.75582287951959
36.13660957369817
40.975205642718976
37.43510469288302
41.09524509371663
38.28526571371196
40.82445006813315
35.96093796887727
40.565045407506986
36.285417675963735
41.09443981776319
36.574936560949446
34.05269097433649
37.7769931909068
35.427857082523865
37.23239711678443
35.14936980423706
38.86709787423319
34.247603494733404
38.75254312455536
33.936420347430676
38.51624929979705
33.90350246134198
39.43571710637658
41.969060817706975
38.2775790319048
42.28597929205859
35.68011024814339
41.50762501360726
37.70432031067403
42.203859853897086
36.50490439262992
41.82843010152183
39.87132590592798
39.75982785261302
41.23462907253387
27.057058258126528
39.662824234744534
34.557996209936555
40.74909161566113
36.98289422636053
40.80776789710261
41.38475959308923
40.71586386316423
34.034177769843716
38.96422499883877
34.626181572017074
38.296801526647855
34.980226012259706
38.3149932857704
34.68602901043648
35.216362583017776
35.02140877058215
37.27872582480091
37.16015628460809
35.8211973695448
35.58807707645706
41.10571655379911
35.14936980423706
41.5105005839156
34.788159280731875
41.81550271671402
37.70533715693237
39.84216275778215
25.245600096304322
39.463174137217266
37.439782911415
40.58270763991021
36.39814638040856
40.588991251838664
39.14788127683405
36.49315259192232
39.0331208412824
36.846440368262
39.01133795284379
36.38646320410164
39.26846485848836
37.115763764755854
39.040023828139546
41.46822878046369
38.80524767314916
42.280011693194766
40.65784550363025
42.158469780578756
41.04537759206161
34.056285421978274
41.48586575933216
40.73049321693193
41.792170265342115
28.121381159906136
38.12033300614389
31.3639721827563
40.27949678286757
34.99657068477835
40.289169588396334
34.936811768037714
34.69348861831657
40.53956041831783
34.83120463718049
40.078584260214804
34.795374226410715
40.638149034502135
36.60558033181766
40.7368226804324
25.87064382023858
37.428757551690595
39.462802841416945
41.15411560387374
38.854136174154704
33.74746751418112
37.78516089510288
34.36630150679656
27.78807332763567
32.68679374678533
42.00100138190703
37.103943666955644
34.4790214389057
37.071804843556656
35.654632471076276
37.85370432208514
34.655077253573495
37.55880114262176
34.71128986874555
36.351143582676826
37.895771593783884
37.56889370583019
40.908065931922366
39.26221589845359
40.91963980839211
40.67046126695692
39.13035041235959
40.901284289155214
36.25687438949543
38.87826626994058
36.237139944360926
40.5477905279338
35.740004771805445
40.36438875576214
35.94060033761493
37.13580946478375
36.479821875869746
35.57238209127378
35.429353380918194
34.73227283642898
23.540494123721754
32.41072242699616
38.256631033602105
34.08229864135734
35.38063906603232
41.925012244734766
33.92187373631173
39.063293968632415
35.69012933968686
33.03381901236513
36.35933666790918
42.038045983923666
39.69923901109302
42.399684603176205
39.10153169194626
40.53877677259723
38.90206553697469
41.002443936105735
35.56031844271677
40.40054711129091
37.32583429741034
40.74275833932353
34.9420507181179
40.89889130498376
33.258827540817215
40.01931168719646
35.51725773126037
34.64763415278879
37.645774805905845
40.64366212196091
34.95224206464946
39.925219410969596
35.63706189727686
41.79841747553465
35.69681186062741
41.77968144554791
36.48616862103761
38.0642889554406
42.54677879104493
36.72995717776046
41.73395289599109
35.4914112609792
35.242105970726136
42.131790421086464
35.31391236991884
41.52282897081535
35.1378856802969
42.263396545817294
40.22502901094264
41.79883402262195
40.71428294084529
38.635458405873194
40.20998945451059
36.228063053336214
39.70637963515189
38.14841696453746
40.42351988743145
40.82921890818472
39.36169973160157
34.835833291805784
40.60392263160952
37.02598870056497
40.493768041784534
37.02533500467859
40.728120175174546
25.213123820286857
35.57298548856302
36.09462750531397
40.33837927253842
35.437136170464434
40.58663466935031
41.54174672662084
38.8537762503358
40.93201912754952
40.80895902859533
39.07129948765719
40.24703014950007
38.96132945668026
40.63972404972531
38.845140078721926
36.47284300596532
38.41254315831891
36.32910361792244
38.95011329445414
36.28667335709589
39.25780606514414
36.2117986307165
38.42345181385123
36.70456454774573
33.53431141315211
36.351143582676826
41.687909990855964
40.27098855518857
36.469037475002175
40.254755552143116
36.37163322291403
40.64248062015504
37.07803148840622
42.005628386295584
38.083989358321304
25.393245910373302
40.12612888412674
36.420902728330525
35.94953373560066
41.971580674858906
35.39377573752785
41.52447330904483
36.73767835401904
