3.719366884426879
24.25013876040703
42.57225797283856
38.083643561479654
42.25913835489461
39.33032641617359
38.265007480932745
42.440012546924486
36.53670392083417
26.274832113861883
43.48637131807861
37.89269033056582
38.36861941527315
43.54506286271945
38.082260436906424
38.76006357890068
34.5910567898791
38.818176770013885
39.434234030950904
44.7941902066535
38.400585946440835
39.10262529832936
44.086990340246174
38.5286325806985
39.3244264431506
44.611712650769
26.190174088967705
35.82854116481301
43.88632653915373
37.82571132254137
39.46948723498358
44.49340179063945
38.996466956748115
37.73281275301822
44.51843124767818
40.77166992310907
38.54314884075684
44.5321385343894
40.28646073459351
38.68284944848194
44.51843124767818
38.955539663227114
38.510591022192024
43.784621166252585
38.67928217045685
38.54137797952695
43.67519836724493
37.75794893954125
37.97502919899682
44.7277923518246
41.21761006289308
37.79128899140432
44.403904380783
38.964948951627136
37.647464320976574
44.691095459824616
39.11210578339767
38.08883117354861
44.513706553462455
39.056746438215846
40.355844630675534
43.74078631765565
42.02793643159182
39.21192913569859
44.2017493940352
37.53292170022371
39.069479763401795
40.23583358115173
43.17748427543468
38.43965027402533
44.587052195173804
37.42107704935584
42.085288274367365
38.60665304394249
41.24111620223791
44.422716007540934
36.786654621679226
38.130036363636364
37.56216472779703
41.87729265053866
43.61615573395449
38.41711700159373
43.75995325932727
37.65760459687556
41.10088290919068
38.29959913434935
40.871790374289866
43.76177955844915
37.91872564707584
38.17654233338794
37.23041417387136
42.06334115570532
43.6211454660801
41.233412962908346
37.79844094984905
37.63530319616675
43.889541150002614
41.001241483132446
43.65883210159259
37.98500271689911
37.37572625200499
41.643208895949165
36.20679713059917
44.01574125573244
37.20432511065577
41.63204859698055
38.14113196566274
42.5584349696613
44.30212833377344
42.758879419320635
41.701173195466296
41.359865890937776
44.55247867605664
41.95226949928984
41.796751370204284
42.4842898527237
41.58994139753493
44.48113347614907
43.44853162065572
39.78283221094565
42.66319472699162
41.670100839501266
42.07684436508096
43.93873745521591
43.5247286387315
41.27155185137808
42.96958334613927
41.09484245179495
30.556697726262723
37.348102900189666
41.88732985129777
41.59984130919911
42.93219783819194
43.79147829900082
44.4924578338814
44.09116138255824
33.55067432447566
44.52173913043478
42.64931261693647
43.11401669339254
40.12920015308075
43.85237228948414
41.11619335169737
42.67230977403832
44.381821067668376
42.17457843561151
44.25958677162696
44.63497536421586
35.32104961767777
26.34861324873575
39.443134157121634
43.62976678386419
41.2869897331404
42.645409901070636
41.72814007859523
44.35882141421833
44.53875886675445
42.3350626804207
43.422892164982606
41.50926814785492
40.56700711853915
44.95020898081663
44.49198587052222
43.274599424285256
44.42318650243071
40.581922325212375
42.94230749541838
44.037924046911584
42.78417691821205
39.77000682697413
41.17633661227936
43.46068719691632
44.27734144075669
37.373061980967314
44.47453026254401
27.007057126667696
39.93814511521615
41.09443981776319
44.76693847927251
44.74353804631912
44.90208757092388
43.79284998329435
42.14279685710267
43.957617615309644
40.54034409433598
42.059966707446705
40.176480167054606
44.424127522109835
43.982508939525815
44.03330078842661
42.90101977149754
41.96696116786568
45.05402008700789
24.37670142158059
35.03574322348912
40.536426017203055
44.14870952801987
40.17186257889646
44.22132253711201
38.40832211569279
43.942880491152344
44.20128357800002
39.82816446681227
42.76454694684897
40.76532962707384
44.4236570072869
40.197272457184475
43.369013152452645
40.627914410531105
38.11201977247119
39.768498501915275
39.798309121445314
43.836331142024015
43.95393240764999
43.71297849944242
42.334635377239465
41.013269187518944
44.38322998455059
40.8121357192204
43.2291059005411
43.294700551208734
44.00234997901804
44.44813700139884
44.300256656703176
41.03333105060802
41.92040298238951
44.545381167824296
42.78548622374555
44.27593923847526
40.978408269339745
43.38381654754394
43.31168938455184
44.25631772762284
41.679210596921486
43.988966848105385
44.5468004885561
43.05515464446657
43.84228791236359
41.885238371047954
45.01147204962278
40.12037152176617
43.02865291299486
44.031914000167966
27.462933619684925
32.88154408190784
41.095647743528446
43.1392925833359
44.49812217530607
41.53763270480114
43.15038785210181
43.05957477388689
44.11202843831179
41.53393078179928
44.16870083507966
43.385611585208174
43.93965806235334
41.83260193090242
41.04055812679185
45.047245701274846
41.04698433203175
44.68966692948622
41.555328782459654
45.00712507511374
42.98455578671203
41.287396149151476
42.82392820313856
44.35506863222013
44.56099867197875
40.986016514389014
43.07549475716589
40.585063766377026
44.35741404655393
40.97760756575091
44.095333214184336
42.73317643223197
44.24464651152978
41.291054253339766
44.22178877560703
43.18281872561233
44.43118644067797
44.696810494570485
39.33180168606232
42.82523994282214
40.61021281539862
42.751906062706404
45.13304351568889
43.163709710616224
40.302332061765526
41.779265280102
40.448469067939634
44.841121695158066
43.281297725677966
42.89663213230105
43.95439302481556
41.19979568582767
44.80998269267751
40.0985086042065
42.992045920459205
39.256336340833364
44.46227235143215
44.07957710214076
41.752647925459904
42.936592756382694
40.686241985080855
42.914627158876975
43.406714409901895
40.877765432820695
44.01620316927275
44.893436657104935
43.80931689993733
43.0529449200386
40.990422579258045
44.82147513304409
40.563083886191755
44.13941741033844
42.345320545179206
44.78223361093316
42.94758398951475
44.30259627775313
34.11500984171913
41.012066099540434
43.7663459732454
41.287396149151476
44.30727626130314
43.081689041363234
43.66428616044473
40.67992822850492
43.88494899293748
44.9844378425337
42.35087896442744
41.78717384157094
43.36228767562314
41.018884531505186
31.31409629469252
34.69693259653883
43.89367491313994
40.83200124609379
44.68681014276582
40.08547890742971
37.185524052697836
44.779364977686676
43.96268578496112
41.53146319969106
42.90101977149754
41.114178168130486
44.296981602348815
43.34257163819739
41.69785660317334
43.30095804426825
44.79753919767591
43.6043663582493
40.534858998395734
43.86016794068745
43.15882407416935
44.99071074592925
42.21957823745533
44.790363401428834
44.65398332783273
42.25275267712331
44.319448847186116
41.574276170368826
44.25024792690904
42.397541646449945
40.689399598374095
43.36677109505051
44.947318787774876
40.60392263160952
43.94426167675963
42.01530632688224
43.29604129032258
43.68020161836227
43.18148498949883
42.839674384875444
38.68998597889455
43.483215492753324
42.149572907245506
43.434133813828744
44.5468004885561
42.944505877052876
44.50898286199395
44.79658229200043
42.089089139313415
41.05341255004062
44.36304405309641
42.166522569618984
41.263837239045316
44.26145501361305
43.04587532584823
44.529301851537284
42.378692963666495
43.07062906902713
44.47217244706456
42.82523994282214
43.04234139933912
40.78871924535641
42.5256412856129
42.10556749051338
44.41801160672682
44.30306423161831
42.60512362107145
43.92861332216171
41.58623014535287
42.51314122381131
44.22132253711201
39.48360617157273
44.04486075524006
43.22821482680079
40.53916859167045
43.1703737250018
44.00650502040688
40.498068901591225
42.64324203420159
43.334511153126904
41.04979642968995
44.51087221827212
40.66612371533837
42.97134426834141
44.01204629639346
42.638906961613536
44.362105619427375
44.59985325861574
43.21173658616995
44.5155963108012
44.98299049784432
40.25205132388365
42.89443864924014
44.37947307163263
43.52789049284447
41.67838227256919
44.9343175171143
43.88632653915373
43.428287430109755
43.14550523078189
38.60629769060133
41.76428884374876
40.98841970506894
43.87163716999289
43.12642921773464
45.23916560605734
30.4307739187846
36.02796818361422
43.1016113120684
40.63933028447407
41.957305483864516
44.064295169457694
44.619305972213354
41.952689118497254
41.324413529463925
42.97927020463372
42.996012342262
44.93624315666549
43.20149968584877
43.16681932794731
44.37618629452903
37.75081229467621
42.71794349499929
40.89729613775754
42.254881021941934
43.07239828297973
44.986850290666496
42.60339258506856
43.173928707449384
36.85647753534679
40.54935854674826
40.80141636996829
43.826712085431865
44.81812256237645
42.63500614981144
41.50269639128843
44.27033131735326
43.86888400794896
43.628405296607966
41.74350604112343
41.72315895232126
41.875202172480584
40.531725324210974
43.03792480709243
44.75595155524729
27.16359797680187
34.75846523576697
42.76759931478914
43.556367865747276
43.918493853531864
30.844099305800682
41.121030598339196
42.8068828968586
42.0035250761096
42.43872429982192
42.149572907245506
42.90321392770197
42.365851194925355
44.43448137044061
41.41458983372171
44.71396437214162
43.242030599199964
41.265055143984334
45.18798952800612
43.07416764228644
35.58203890496026
40.31899104087361
43.330482034752784
43.19438122406105
44.562892446956575
44.471700913968235
42.587819588570966
44.27266777850493
44.297917282751044
42.64020739084024
27.576325789951216
39.12232067904113
42.83529928408754
43.5351193132869
44.466514709780014
42.94142820578449
43.200609749817175
44.6549341509896
41.785092350913544
40.70638017042256
45.06515385937769
44.0758714179128
40.76929208098834
44.72016206418595
39.40570655492817
43.04631710746431
44.477831624266976
40.64326828039303
44.349440649650006
44.39920396324681
42.43872429982192
44.138952907129706
39.84519070916259
41.826344498848215
44.87566468731611
40.0204572344567
42.257861064933756
42.89487732790624
40.25282392345416
44.58373460038054
43.01409086247564
40.51645559838101
43.0927546952698
43.406714409901895
44.418952407175986
42.80076737826034
44.99360652220553
42.375267730854716
41.24395496337086
44.33069101824255
42.8060091443501
41.110148393546744
44.31055283814192
43.60119338440908
43.365425971877585
44.76025014406762
44.46038711865844
41.592003490539845
40.8602435460302
41.955626688006404
41.9111874975019
44.685857961688434
37.2393390807149
42.90672504449946
44.9487638378361
42.040995519560575
42.535991724641505
41.722328880223614
42.394113366216544
42.75800762533896
44.52693822520887
42.34617559163234
42.70141716892002
44.721592544808985
40.70993603742635
42.556275936241235
44.69204786412215
44.12038079208962
42.09838303339322
44.807589176023164
42.93527418644883
42.70706947286964
44.08791717033689
42.67230977403832
43.18015133576981
43.976052926806254
44.45284778599741
42.707504327461564
42.69663561866952
41.316679144174316
43.009239035694875
42.91155376855632
40.69769066563167
44.93239204259376
42.83442437116392
41.82759583549404
44.52552016985138
42.876460546088346
40.312790742378226
44.02313303594857
45.07338670678631
39.96668731240173
44.33678290927157
44.02960288050724
42.21957823745533
40.14341088980983
45.14032954141869
44.40907598970851
42.68577244046408
41.912025101424945
44.378533942779754
44.652557169015886
42.20173664563776
44.62167941530049
44.60696813715064
41.95101069203149
39.91116270660665
42.83354949397984
43.165486579944016
41.2947130058088
44.43589363280009
44.96804005446378
41.134338897279484
44.51465141207561
44.08143017793145
40.57367835550181
43.274599424285256
42.51615780724162
40.26441647707092
43.01938501302591
44.63972583786545
40.9512018902189
42.781994920388826
44.35741404655393
41.8643350501058
41.10007741227425
44.413308202206736
45.22355681107541
42.39068564036223
43.22286915570029
40.08126523006355
41.85765039319788
44.354130535933336
43.16148882966134
42.66145896903861
44.322258855355486
44.974308385159766
40.70519501945827
40.50941191241947
45.11605193240612
43.41659938306109
43.39818100923981
44.70395634379263
40.84233896489605
44.72397688255742
44.01204629639346
40.7708772782503
44.83153585514713
42.79989387538521
42.98940204579464
44.400613984015244
42.907602913495374
43.950708357783554
44.60649374129258
42.78024948236998
43.484567933233116
44.841121695158066
41.44732993398949
42.91814014407335
44.10275175336214
40.38109908730311
43.137074214250454
44.15754066431542
40.220785945800806
44.27079858985455
37.501041620099244
38.12553061910865
43.89918780875827
42.746677537708926
41.17916646212753
44.13755945616029
44.614085286077454
40.11116317767556
42.87952891142553
42.42584612894742
39.59991313953378
44.8819072893036
41.690396199033856
40.77444442284137
44.35319247932661
42.29663990964463
40.090843051041865
42.085288274367365
44.87278407206513
40.28994361353659
42.75626414401925
44.33162812328246
42.75713586690589
42.99072394247819
43.396384931350944
42.52779721166033
41.65685738973254
44.86414444480099
42.766727165201786
40.55955362582317
43.01320863073263
43.40851134293757
40.79149606605526
43.12110868939425
42.85411856059832
43.36318428534505
44.6730074875651
44.56952192716801
42.86375342353759
45.14470228613252
42.99292728428217
41.67962477144447
44.47688832804895
36.9975742500022
43.74671714801256
44.6810976649054
42.44087142177745
37.439782911415
41.54791928757516
42.678822906915215
40.57799620757711
41.47150894331451
44.5595784463709
39.86943089894583
42.25530671663594
44.30212833377344
40.99803528664288
42.77675903356417
43.01806135321689
39.97278159517388
42.500217856093386
44.557684953044664
41.1093425334222
42.46149485214469
42.84011194410966
37.00410244646969
44.13245088858258
44.16033017824993
42.48127778959416
41.63039572808211
44.26192209875371
41.03774729467937
39.0378436737961
44.59416298974005
43.02379780075496
41.42686130810106
44.49057004052018
44.382290696690085
40.665729438341685
42.90891978434562
44.33209669065965
41.45347446655004
41.96486172809861
44.716824631917866
40.235447603699015
43.65565119643619
44.75404133633521
40.10425969307262
43.13574330230884
42.47310434219054
40.98841970506894
43.29917000454226
42.609451826567515
40.818093347347116
31.225741129524575
41.10450803606429
40.73840535369135
44.24464651152978
44.721592544808985
42.63630634110639
43.18637575807498
44.44719496428799
43.107813110238645
42.817370709896075
44.517486228599935
41.5105005839156
42.61075045970355
42.875583950932786
40.52350173424925
45.044826771484416
44.49387378403895
40.597634396112824
45.02935177033904
43.388304420238136
41.14725214354386
44.78701548318206
42.70011300355299
44.41989324747946
44.533084175656164
42.81649652919559
44.471700913968235
43.84091312937045
43.379778255833195
41.3150512214342
43.30140507727409
43.49448840127342
37.12003398440611
43.897350023025076
42.74101474529465
43.369461591752746
39.395343157973834
42.52262335634701
44.64400212879191
42.228504691716
44.86222497941022
41.8584858585657
42.74449936305732
44.381821067668376
44.41801160672682
41.54791928757516
28.36384784446323
34.121670652934384
44.43401063626926
41.86600654795177
42.73187032622206
44.1803320131457
43.36183938466628
44.79849614423344
40.365165673810736
41.58664247399784
44.752131280475446
42.67100738600525
44.75069884557113
44.37336944447383
43.255409112472414
40.63775529977134
43.17570641824077
44.3912155368577
40.717444908261335
43.00791600016406
44.06012920846683
42.24934777134223
44.02636772053575
44.37336944447383
43.20283465864612
41.827178714959565
43.7718269290977
42.30133228444929
42.312854346992715
29.29617445117309
37.74198018554679
37.39938831376116
41.12546574106758
44.2022152198885
45.02741814278046
41.692882703777336
44.651131101293444
43.267903195857144
40.11576682129023
42.58911690342496
42.553253657447804
44.76120549816443
42.93439518481743
43.20951076038694
44.442014473865456
42.5390115518413
42.258712582994974
40.58388566894697
41.89737186466751
42.920775260432656
44.519376306879096
44.690619272897756
43.12953346563975
44.62500265985743
41.68666699796253
42.803388100826616
43.73668130011783
43.022473869382814
42.91682270722698
44.31523450294251
44.58610426056637
42.890052356020945
44.67158011332169
40.22695797287707
43.152607590769264
44.21805914290233
41.613048525195204
42.67230977403832
41.54545004308765
38.59670562252692
44.61123815399015
42.36456744608858
40.753446885414746
44.421775047659395
43.39863005194214
40.21847192390304
42.15338539311163
44.00188835618594
44.52032140620522
42.944505877052876
44.75929483075085
44.36867548898268
42.91594446092927
44.49292980725371
44.71110447824836
43.9079193928291
40.60746062020157
44.13802393004094
44.137094992055054
42.95506124288231
43.996811144211804
44.4368351909141
44.626901879003256
43.224650899160096
44.52362956986965
41.02169278015766
41.84720988935338
44.61740739952769
40.65390468251737
42.98763964333299
44.159865234786274
40.96
43.16681932794731
44.9487638378361
41.0807549535255
42.83223724521057
29.59132502240001
38.834709825562015
44.49292980725371
43.04057465366855
40.44963931643714
40.47969888529653
43.93965806235334
42.11064034858738
42.48342921967426
26.265124521732595
32.02272119958161
40.907267974876135
44.572837407013814
43.844121090483355
41.993011683903845
44.2189914920983
41.52488441395151
40.50589098775447
44.81333404562209
42.82786366328344
42.71098348302478
43.06886000041074
39.908504443471806
44.28856225713803
43.080804034552536
41.05059995693621
42.6419414198717
45.03031864639698
39.87625376724375
42.21150517289964
43.59394260650848
43.49629260906988
40.93761224330444
44.24091302238255
45.014370499157515
40.46290686681202
42.29919925775026
45.36442492807545
40.09812525692871
44.470286374672646
43.26879590657754
39.20643110861843
42.43142570992119
40.67322200888268
44.107853447187985
43.259424280866774
42.8392368345794
35.237664770770145
36.95943040428607
41.17310297437911
44.84927288280582
44.58326069856927
42.613780911547764
44.7502213876471
42.837049217162175
40.395488823183825
44.807589176023164
42.408258596806974
40.61925836973048
42.754956626334085
41.748907579754146
40.294588389005774
44.12687925429506
42.651914824381215
42.1686422359624
44.7282693312574
40.809356087878726
35.26610780859812
42.53814870031744
44.683477686513896
42.83354949397984
40.82127146027173
44.415659779949806
44.721592544808985
41.117805640789356
44.58089134062477
44.66016440223178
42.798146976592314
44.569048327453565
41.347634069400634
42.6757831975011
27.634466128160867
36.51634584410723
44.627376709049315
42.46837378370442
40.99442891490901
44.01851288240542
42.44387775753896
42.83092507684295
44.49528982432318
42.40225643721504
42.555844155844156
44.253982991833546
42.96078089950938
40.84750978749927
37.20465512347431
40.80578283245936
44.7187316750717
42.64064088487658
33.734710291799374
44.551532210951194
41.48381417705995
44.32553764861294
45.02161825637062
42.758443517886086
44.05179964920757
43.05382878259084
37.72738230161728
43.73668130011783
41.30203245627856
42.64584350089475
44.020360827447234
45.015336731956
43.218415439623286
43.35466798974613
44.50945518602627
41.36190523149746
44.16451511003475
43.1752619768184
41.6995148333731
44.775540704998186
43.14417379855168
41.02129157823701
43.12953346563975
42.37055893970159
40.77721930020708
44.27547185745049
43.0586906753996
41.627503523293434
44.50095488689895
42.95286178045858
40.83239875389408
41.66637526821903
44.403434294244065
41.011264080100126
43.041899699323736
44.24277968819223
39.77755016880999
42.72316499276794
42.583063443556654
41.02811307835273
42.94978291144425
44.629751010853376
40.97040264129564
43.39234429960687
39.31300028118849
44.1217731585702
41.6126356727583
43.258531956806486
43.31079490303794
41.6357680319244
44.94924554183813
44.11110059420518
41.296745926254125
42.9603408718453
43.42963645588494
41.44446310880112
37.89405971902245
43.44853162065572
41.174315529072224
44.83297346986767
42.84448802811146
39.662449172576835
43.68930137599867
41.75015428719317
44.43495211458598
37.96265556410373
41.401916945522025
44.597007942668185
43.24738101130083
42.78461334448604
43.67519836724493
28.369411414580036
34.89669861554846
42.64410915449998
42.82917564407593
40.919240600183414
42.907602913495374
44.57852223450387
40.601171288901796
42.74972735519248
44.65018044008218
40.425467933766406
42.41940997400811
42.12544316892143
44.92902285922403
42.62590703063071
42.30090566189967
43.30364038076359
40.88493780949039
42.36970290828644
44.280146111779736
40.46837250588553
42.91199279736449
44.92372944893697
39.965164032053664
42.64367558994276
44.10043319173992
41.05743120882563
42.589549359273775
44.626901879003256
44.56005184484792
41.784676077665644
43.065764479993426
43.01806135321689
36.18930275498494
36.553898712775506
38.485855592156575
42.09415802731807
44.282016089866765
41.9061625769323
41.473149219344826
38.92806162698965
42.05490605009325
43.74717343235012
40.922434483969795
43.947945262893185
41.19534449737269
42.500217856093386
43.97513079399029
42.518312771802485
42.491176172626886
44.63450037245929
44.51984885152635
39.796421048636546
43.65883210159259
40.57328586906052
42.4868719611021
44.5345027128614
43.26344019474357
44.68014572725142
40.68584731787758
42.764982972735986
43.80428402836524
40.44690884193676
44.171956947574614
42.280864104192496
41.7360292946983
43.27817159366455
41.49900069258929
43.01409086247564
44.26892955903151
44.38510867954877
42.320539209750976
44.455203552766854
41.63246183471304
42.063762999809455
42.16355539471436
40.75661493912215
41.19979568582767
42.59776768938586
41.92459317900124
44.15754066431542
41.06667711046273
42.33036281980118
43.748998664886514
44.01204629639346
42.98763964333299
44.65778686342777
42.71924874978357
42.47955680241449
43.132194605267216
39.57226556971818
42.24679445211068
44.04624835914938
43.612981044181716
41.87854703756216
40.733657702803754
37.29695794837138
44.319448847186116
40.851488234377435
42.42241326995044
43.65156214224757
41.42686130810106
44.30727626130314
43.7718269290977
41.265055143984334
42.76062311393851
43.71662341181743
41.47232906511099
42.65017998413699
43.953471800138324
42.67795437432589
42.48816313299634
41.385576287408604
42.12205874968617
43.48231391250259
42.839674384875444
42.92868255137968
40.912455252197155
42.77108826888563
42.657987876815426
41.24354940213971
44.313829899630214
42.73099963323689
40.7986381985312
43.696583912404805
40.96160006250244
41.02450141335498
43.778223112892455
44.473587106351395
40.86900261137311
44.76120549816443
41.44364408873079
26.591332132985062
35.80774156094729
42.73448261808697
42.91594446092927
44.50095488689895
30.703883459609823
42.48041727857396
44.476416694944014
43.85512337933919
41.64486278247746
41.04979642968995
37.686703685733285
43.237127217623474
44.409546195709716
41.34478101865999
41.161789240220614
43.69749440016669
42.54246330800986
40.56073031100108
44.26332341332658
42.86331538123512
42.94318682106255
41.46453921743085
28.483270517130148
40.693347304285396
41.56356465470257
43.872096063931046
43.12997696610727
40.09927532075183
43.008798014806914
41.652720537851174
35.69468533253904
39.58309582680584
43.02953577840472
44.047636050492535
26.829637116119002
39.4646593902898
24.835119548097534
36.25374050288263
40.64090539126391
42.84142467544406
42.817370709896075
43.62522882343152
40.948003514595335
42.10429946695845
43.958999727503304
44.489154300624755
42.92428925230776
44.33818896805429
42.86419147479331
42.42498786211361
44.308680449181814
42.085288274367365
42.59041429731925
43.99634963758614
44.177074665852146
43.11445987479827
44.203612756360265
44.70395634379263
41.455523048944414
43.96637246063859
44.779364977686676
41.785092350913544
44.32975395281982
43.36094283055929
43.07372528883184
43.70569049777528
38.57044066799088
44.909780071524935
43.45393325943039
41.76470471088452
43.03306760236798
43.07062906902713
40.41884534214761
44.108317296063774
42.43443070759394
43.28397762688077
43.87576756106491
42.805572281471655
41.81675340471775
44.38980611294556
43.23489877540923
40.978007913633924
43.89000041856766
44.45049226888797
41.67382707708205
42.84317510904095
44.49953848602196
42.84448802811146
42.45332901475739
44.43495211458598
42.594306953316206
43.05073542241884
29.006853530847806
40.31472813079711
43.947484780854786
42.715333224702626
40.08471271837608
44.01620316927275
42.63110605167402
41.61098434492748
44.227384404492014
40.877367041235004
44.703003431884554
43.626590112439025
41.018884531505186
42.30943974821958
42.94670448378608
41.38108486749936
42.89443864924014
44.703003431884554
40.11001243186382
42.67534898864515
44.39074571894249
40.00595181320463
43.48366629689914
43.09452572743712
41.368840493944056
43.89551239115874
42.94054895215864
44.11991668945785
44.094869638351554
38.61233958720748
42.624174305400295
42.77152442817373
44.11295632145224
43.80885931836935
38.66715834501069
42.11782899030979
40.851488234377435
44.147315460966034
43.9769750982962
38.739299898402145
42.51314122381131
37.33646673431964
44.086526939813744
42.518312771802485
38.215500118446705
42.752777607893506
41.094037191621105
44.167305505244094
40.14648480497727
38.9562632933025
42.845363352197275
42.57139377207584
28.672532009871276
36.25342714401784
38.65504211748659
42.57960509618801
42.30986654292718
43.71844609595681
44.30680821845455
38.56086640740639
42.20173664563776
41.948912847798695
43.96314658560872
44.103679246275014
38.50352051260867
42.455907360919916
42.64454272787352
44.043473238756285
44.38792702027685
38.53642043366409
42.4937591181715
42.62720666700544
44.14174007303802
44.035149975327826
38.62869773438939
28.222425580018303
38.1595232679798
43.70523507835945
44.20268105556024
38.7536172964982
42.905847211424366
42.59300932225765
44.36445177804573
44.151497926272135
38.57398789706991
42.61334796346531
42.54203180785459
44.293239275983694
44.478774960497994
38.521555445344504
42.39068564036223
42.4885935410673
32.33301984243228
39.451296136047254
38.43507106398966
42.761059059814244
41.98544529975275
44.27734144075669
44.588474172664164
38.79986309099823
42.58911690342496
42.88654396728016
40.123825740907265
42.586954755909346
38.61056236249321
42.56448142886138
42.758879419320635
44.118060376564635
44.23018275000263
38.464679071558926
42.42584612894742
42.56966547580383
44.34475175505371
44.25585076075717
38.51943281169642
42.440441980005666
42.76193097823317
43.53150460296209
44.54254279767215
37.86703260987324
42.57096168485156
42.60036361051017
44.098578517957776
44.75547398523198
38.84226220794014
42.964301445356114
39.709011038948745
40.31395315308388
41.85222068112196
38.487621354768855
43.06886000041074
41.97200068046953
29.79416946070353
37.99291647417955
38.119640098155045
42.85849750674405
42.39839880314579
44.25631772762284
44.321322146374456
38.07223578748627
42.1834858694559
42.32523688910865
28.97719437631697
42.4885935410673
37.952350359679684
42.54030589476246
42.8891752050228
43.777309257906275
44.55011258869015
38.525801414531095
42.35344488089588
42.47138401717364
43.479609396056645
44.103679246275014
38.734649021545394
42.13983302020436
42.46364427885881
43.57129946085204
44.612661674608574
38.06567077487158
42.50883256139213
42.385973422262644
43.69476305070267
44.20081777178266
37.54568891435119
42.551095149689054
42.15423270585634
43.55501095546163
43.989428199857365
38.18384086667577
42.526072453335225
42.56318561440183
43.71753473488915
44.52835637089411
38.04391876570309
42.65712019201432
42.36114449617727
43.700681406155574
44.32834842896247
38.03115535970114
42.51314122381131
42.42584612894742
43.21351741191016
44.34381409510921
38.29120753717922
42.76280293221048
42.187728827197745
43.66519530274007
43.62795148640496
38.406211942239196
42.94054895215864
42.61767784021053
44.124093964673825
44.425068581657186
38.33110040850644
35.87297405940763
38.81458449009809
44.07494509420678
44.31617095461989
38.27618178499726
43.198385070138215
40.42780583722096
43.92585300462895
44.175213540185574
38.51660299735528
43.09142651666924
41.04899293389966
44.16637533433018
43.9382771661132
38.40410200064094
42.31968519826455
42.195792798865206
43.76177955844915
43.62205281276326
37.23140561892504
42.74188584647053
42.35344488089588
44.297917282751044
43.90745974917824
38.17723731158523
42.69707026080583
42.54548405420758
43.883571533198015
44.10924502308364
37.31155649257648
42.51917481879467
38.52438598747175
44.193366207274416
44.185917154776455
37.976060699346284
42.20513388140352
33.71627009646302
39.38868385218576
43.711156271168775
38.13176962589208
42.71881365599283
40.7578030862518
43.94978728754951
43.674743583068675
38.709625021919095
42.271915502610305
42.37355532207226
43.844121090483355
43.490880434669904
38.684990131154194
43.04057465366855
42.228929855119155
44.26005381733763
43.96084267896447
38.46044656366054
42.77326915428466
42.298346107301334
43.60617969351049
44.144062980192395
38.078457362300156
42.3359173126615
42.7323056860208
43.495841543088254
43.798794941678935
38.0149547279599
40.926427539908666
40.970802848407295
43.79559360968988
44.33818896805429
38.17723731158523
42.85017827406189
42.809067434193736
44.2661263086795
44.26192209875371
37.09213109535011
42.3966845244112
38.28386790558426
43.80840174636001
44.1738177988415
38.082951986634704
42.67317807689569
42.334208082684
43.823506671263935
43.1437300060689
37.711439386446806
42.24126331903237
42.4061147733247
43.55184516021847
43.56405862129852
37.480599789108716
42.21405422814469
41.68832433829303
43.097182548652924
43.598020872313
37.11116616528048
42.34019099150027
42.17288220803378
43.974669742084295
43.83908021949308
37.64374758797713
42.402685106555055
42.350023728026336
43.85649905371352
44.167305505244094
37.807640303593
42.63717317935998
42.20046282322165
44.23951312639095
43.981586535940856
38.12483752215607
42.56966547580383
42.633706037812566
44.16498015141783
44.799931640729305
38.71534194227272
42.57960509618801
42.43013798405698
44.207339952359874
44.4260096810753
38.49009369465271
42.78024948236998
42.53167842946378
43.927233120031836
44.257718687348316
38.38547424680602
42.34446553325526
41.88565665038897
44.13802393004094
44.39262505027413
38.588538360335995
42.86419147479331
42.408258596806974
43.419745546020145
37.566201825330715
35.6688834084531
42.445166317536454
42.6636286885496
44.181728166180356
44.631650634204476
38.33250166790046
42.00604907361041
42.19451933523802
44.06568399819295
44.52032140620522
38.55200558844075
42.158046034777364
42.90979774315324
43.89689060063423
44.187313660833745
38.0985184983332
41.70449031539594
39.99946594951316
43.267456854310446
44.29885300268266
37.73960301607011
42.27021143651866
41.0586369598841
43.83816382202619
44.40719526526982
38.88871993621006
42.116983140369726
42.761059059814244
43.94011838038867
44.79753919767591
38.2632620852605
42.39539890633055
42.30986654292718
43.53376372656882
44.4293038430575
38.327597708186744
41.86224586547962
42.59171177026108
43.2487188212124
44.62025531914894
38.396367531147874
42.29280146814153
42.00226319109945
43.62296019719394
44.38322998455059
37.828781702081606
42.29877267822386
42.66493062619522
44.07077711932081
44.522211725243345
38.786587508553886
42.51055592155273
42.23488304181897
44.0078902085869
43.865672422268005
38.539253160835045
42.52003690074309
42.70793919090919
44.21060176450127
44.19243493836266
38.75075297030618
42.85849750674405
43.22999701101801
44.23484744618695
44.1431337879936
38.79196840635203
42.55066347441464
42.72360017520092
40.57289339021252
44.567154029241756
39.17420704598946
43.109142299193174
42.634572770334835
43.73348904135299
44.2003519753828
38.28701311741778
42.64584350089475
42.46192472007937
30.657651797004625
37.84243386625284
37.95028999013762
42.37184305168303
42.90365278587576
44.215262331200385
44.07124018871295
38.30134784673266
43.0586906753996
38.31954392632656
43.7453483521068
44.484435818299445
38.021502257193106
42.742321410374
42.59517208461546
44.17800528749434
44.39732407485816
38.27024462348422
42.79771027417528
41.44036833213125
42.97530687104244
44.588948185316696
38.75182704300827
41.965281599247604
42.4868719611021
44.18964136710355
44.519376306879096
34.156682628098636
42.501509839288246
42.93571370076161
43.41390303481969
44.605544979847075
38.76221281629485
42.72272981920041
42.941867846100294
44.20966976905969
44.29370703219879
38.17272040554438
42.74798454905878
42.945825014078736
44.02914068568789
44.375716794684614
38.703552643720585
42.44215979923905
42.59993093501798
43.87622654141473
44.37806439325807
38.02494923121555
42.85017827406189
39.70713142922059
44.07726097648122
44.376655804308264
38.54279465549246
42.364139547098155
41.34396593362182
43.99496517579928
44.23624704691191
38.124490983129725
42.85893545057887
42.46106499291354
44.13941741033844
44.52693822520887
37.82127720968818
32.30587456000493
38.39917970502339
43.86521366269949
44.6444773228028
38.69676812222642
42.68446923053438
42.65581873099492
44.07309256359873
44.683001661908214
38.21863410633742
42.082754745755906
42.6124820936919
44.1361660931696
44.33069101824255
36.46586680577291
42.951982058555465
42.54807360668709
43.783707044135454
44.20501038120633
37.94719985524292
42.96210103658787
44.44342721512281
43.84962154476644
44.48585125790166
38.684990131154194
42.49289810143254
42.41426245588488
44.4293038430575
44.07633459436738
38.54704530833563
42.36542327000192
42.43829490150051
44.206408094435076
44.386517805174876
38.836507745442084
42.73404721392984
42.676651641721186
43.07549475716589
44.446723960706606
38.982694202278935
42.56664129497133
42.46321437610732
44.243246379257606
44.65731138604374
38.90495227671159
42.751906062706404
42.618976974820654
43.645202913631636
44.653507931438305
38.26116782062159
42.64714435327253
42.47138401717364
28.593563165106655
37.74571634269258
37.88344954658766
42.7654190075145
42.28640561358229
44.043010752688176
44.532611350002654
38.46079923707521
42.747113199278424
42.1216357355186
44.18358984082841
44.256784704343055
38.86961920913379
42.29578686243269
42.48256862149296
43.727105921601336
44.44484004620063
37.97227880532696
42.62937290375038
39.36169973160157
43.981586535940856
44.49765009176843
38.81602132227734
42.586954755909346
42.89443864924014
43.49629260906988
44.77697473070641
38.59954721981926
42.67752012128736
42.378692963666495
44.17102658073213
44.67491079512169
38.41641326250229
42.787232089118305
42.6146468341055
42.988961431631594
44.14174007303802
38.469618174980965
42.72577622035694
42.747113199278424
44.018974854120316
44.37383889464886
38.22246523411158
42.86068731542321
36.712275050766756
44.07957710214076
44.68014572725142
31.638648552829093
41.7518166796074
42.38426014814216
44.381821067668376
43.95162946662475
39.25229516634692
42.50926338833259
42.81518532507171
44.26098793833036
43.682931147609274
38.35528650072242
42.4116891652763
42.80076737826034
44.035149975327826
43.74945499681864
37.56889370583019
42.83529928408754
42.836174232752896
44.26192209875371
44.20128357800002
38.30659494214242
42.27021143651866
42.45762643236021
42.88215928841632
42.6740464150905
38.05772668293878
42.47482480657836
39.76435119786877
44.14220463491128
44.01527935188683
37.759308606409796
42.13983302020436
42.01909456115569
44.14638613184014
43.43728251864126
37.49668329489174
41.78301106761105
42.29877267822386
44.128272030973825
44.01296997806856
37.58404272478001
42.279159316566705
42.43486002772129
44.19616024952056
44.192900567912424
37.372395972556355
42.21957823745533
42.50754013296579
44.153357054129735
44.37008357135301
38.1595232679798
42.52650362980087
42.36542327000192
44.20780589605489
43.54235053515629
37.84038541347143
42.424129630004245
42.46192472007937
44.052725000262576
37.11379322549818
35.50102415655206
42.88259771595661
40.85268191956676
44.15289225748724
44.33022248057919
38.35353285966404
42.96694223342246
42.393684870169906
43.93551563400199
44.81908038853211
38.51695670140961
43.216188925752675
42.37483961568382
43.73303304242652
44.1803320131457
38.69676812222642
42.3966845244112
42.23530833366899
44.29511036012251
44.40155404761653
37.88516046282664
42.875583950932786
42.66710069885965
44.59890477962677
44.63592537805825
38.65290474786199
42.69142060317363
43.041899699323736
44.34147011872165
44.68252564744484
38.57789060272435
42.858059571859194
42.303038860704596
43.90929838152468
43.17881776441763
38.042193480508644
42.786359138622245
40.45276031017322
44.05411309973952
43.18459716859717
38.04322863284687
42.52865964328808
38.33390302974912
43.366322711387745
44.56573341125219
37.82332359412762
42.8296129888696
40.799035057001674
44.68681014276582
44.468871925360475
37.71822195843563
42.49462016980406
42.38811520970187
44.03561229632118
44.67919383015893
38.55200558844075
42.105990182004355
42.09289069085946
43.87852158721192
44.2022152198885
37.5094258629941
42.56361754378843
42.64454272787352
43.54009052028402
44.455203552766854
37.73077615055234
42.34874093818784
42.6419414198717
44.28996525907857
44.52835637089411
37.76338819461951
42.129251290704914
42.2868319437023
43.041458008373695
43.69749440016669
38.38793348038184
42.436577395105076
42.45246963562753
44.25631772762284
44.098578517957776
37.88652930708989
42.61075045970355
39.20643110861843
43.889541150002614
44.26285629861016
37.66707378403621
42.47697558307931
42.76629110374713
43.77776618063021
44.49906637243252
37.478590320966475
42.53512899561902
42.242114168311645
44.238579911613634
44.40766543144521
38.153969308020486
43.14728060159039
42.34190070463769
42.957260930570776
44.38041224023363
37.48595942443471
42.75931532964288
42.634572770334835
44.22178877560703
44.572837407013814
38.525801414531095
42.59127927049696
42.63240600510251
44.10182429945849
44.662066615554984
37.908101659376015
42.92297143792789
42.23786026464724
44.52457484979087
44.61503441086681
37.826393586032125
42.335489992227956
42.272767587180006
44.23298144964829
44.799931640729305
38.37493824223682
42.79858368792155
42.52089901764986
44.216194562455854
44.56762758869845
38.023225666083455
42.417265022956656
42.277880816063224
44.44107269625658
44.256784704343055
37.8008255375908
42.48816313299634
42.70706947286964
44.258652709775454
44.06012920846683
37.35808253097361
42.65538492830265
42.900142171854064
43.618423652492226
44.271265872220056
37.117734513274335
42.335489992227956
42.20980597375413
44.23578050349621
44.61503441086681
37.10853947694377
42.68881357312245
42.26211899843821
44.16823571533877
44.427891999533934
37.582695650615584
42.312000645629894
42.065028582890385
43.66064996981242
44.477831624266976
37.53527290300064
42.68707572997344
39.94194838586801
43.36452926945266
44.51228934074798
37.13844001522973
42.651047386617854
41.87478410191388
43.63203611813292
44.578048443494986
37.20531516667554
42.54505249277273
41.917889266440135
43.74033016654326
44.658262350936965
37.4270876090875
42.43571869403778
42.0937355733526
44.10136058713436
44.54254279767215
38.7217754964503
41.94765424196662
42.88698248448348
43.78142190582562
44.7397198903455
38.01667754332536
42.666232643304
42.42112609104609
43.789649520269776
44.39638419035925
38.00393240610701
42.166098661921566
40.675588657434346
44.02313303594857
44.345689454653105
37.01095953267564
41.833853641994395
42.66796878973764
43.612981044181716
44.3278799408159
37.786522522522525
42.45977546743873
42.37912115670247
44.22458641304921
44.340532597549505
38.56760335442107
42.12205874968617
42.796836896076734
43.90516167526771
44.284353784591346
37.41974163157519
42.08233252064333
42.26722965142644
43.07107135888931
44.352254462397426
37.8093443790396
42.30815941575799
42.28384781337581
43.34033231379681
44.48019003987444
38.40726699998169
42.72664670048693
42.47568509104166
43.57763717025632
34.68258719632196
37.20861573400518
42.27447185937752
38.833990704220135
43.11977876242662
35.5642382309049
42.523054462873596
42.15253811442871
43.513891482518936
44.57378477757232
38.36054838621169
42.51529588257952
42.595604663443964
43.32913916178552
44.549166224110465
38.418876462128914
42.34019099150027
42.953301654923806
43.43683267571794
44.67443495302814
38.21584831394131
42.22425352849981
42.359861032560396
42.77763159236708
44.23718016326703
38.178627343892224
42.55454886722198
42.48902395785848
43.91389563615043
44.38369964339002
38.361600936562525
42.06629424212944
42.58652235275005
44.11991668945785
44.103679246275014
36.6311560597724
42.54721038750254
42.32779969926633
43.92815324514825
44.31242538535493
37.3620758767515
42.24168873938747
42.261693166475226
44.05318769036866
44.07216635669178
38.710339544628106
34.43627615990279
39.83913526657231
43.940578708068806
44.24838063086823
35.16705235268471
44.06799890731051
44.145921481949266
37.800484863778514
42.220428213361785
42.55800314545178
44.13384401700408
44.267995102799006
38.67500230520977
40.06633296396775
44.124093964673825
43.7047796684346
26.935081781927703
41.974520890668
42.48342921967426
41.151289195871435
38.650055289347584
42.862439323488836
41.922916999840076
44.358352281740785
43.99127370364155
38.93528893014621
42.24679445211068
43.25094868833526
44.468871925360475
38.76292928172711
42.467083814268065
36.86295602956557
43.89459363291961
43.77776618063021
37.22710973834629
42.62590703063071
41.13111185204072
44.09023441606223
44.128272030973825
38.75898904957723
42.449462082645965
42.268081547097175
43.95531428810966
43.79559360968988
38.4996328388897
41.815919604402616
41.745167904134405
43.9129761082145
43.484567933233116
38.96929323336214
42.709243834388936
41.826344498848215
43.76999979128838
43.850996873987185
37.03252692918947
29.64067700787958
42.268507507810135
43.84228791236359
43.47870796533566
38.21863410633742
42.3359173126615
42.18051630680733
43.947484780854786
43.64202399408992
37.69652631105918
42.88435151577118
41.916632521511445
43.768629538031284
44.00142674303938
38.46997101661958
42.992486597853606
42.62027618863745
43.70432426800042
44.52079397091604
37.553756894205286
42.78330409237423
43.13263816046564
43.99588814064237
44.28996525907857
38.42591591619104
43.08965573922066
42.24551790822287
43.90654049074617
44.06614696055977
37.6999146105793
42.88172086984081
42.156351136751965
44.13291525495065
44.506621392190155
37.75862876073531
42.127135582495505
40.376823034492055
44.151962693558744
44.91795624190111
37.700931219214034
42.87777550603148
40.63696785319821
44.185917154776455
44.26846232598393
38.951921916065345
42.94626474442988
42.45633711572916
43.70614592668237
43.8693428442929
38.38582554659687
42.70446053127259
42.186455850255975
43.89183758894935
44.52788364562875
38.201229564187805
42.87733717708876
42.74580624120992
43.51434292294764
44.151497926272135
38.405860269206116
42.57398647962809
42.77937681676781
44.07077711932081
44.63260050652308
26.828607431382206
39.520809580793184
42.846676405389665
44.23811331898916
43.834040507493256
38.84298163565813
41.876456434269514
42.0005807956901
44.23064917534905
43.71753473488915
38.70462410143309
43.0357168508429
39.774155310896795
43.8358729959658
44.38933632486321
38.58605335786569
43.03792480709243
40.95880003515522
44.137094992055054
44.28809460957711
38.485502459076564
42.63760661170467
42.60122898786248
44.2157284419144
44.79371182024008
38.577535778668924
43.07018678824846
42.876022244030096
43.600286905269286
44.358352281740785
37.61235360582528
42.72011896395433
42.657987876815426
44.0078902085869
44.6444773228028
38.34231335301807
42.4821383354772
38.95083672294348
44.271733164450076
43.982508939525815
38.48832770518279
42.35643884310874
42.412118025360485
44.23064917534905
44.3752473047747
38.53677450178704
42.89970338549657
42.9251678401834
43.619330885946944
44.70109772993712
38.58711831973284
42.68881357312245
42.51227942145326
44.092088388032714
44.63877566224284
38.43295795039081
42.743192564813306
41.31464426079334
44.27874373185537
44.66967708954588
37.703981374108935
42.62374114610327
42.22170324139319
43.21529838443785
44.29885300268266
38.786587508553886
42.11486866414973
41.677553981140136
44.569048327453565
44.22924992882074
38.60807452272685
42.82698905407613
42.33805404423269
44.061517774602905
44.67491079512169
38.68748789374164
42.49720353408446
42.8554321504838
44.266593492416966
44.58041749925599
38.27233988192461
39.4086685270269
35.02872080107567
39.75718970975753
40.09237592720043
37.58741083270603
42.217453447408154
40.0158754388643
43.30274623167458
43.29201932207589
38.06497985261553
41.71444484226439
41.47643016069221
44.05781512605042
44.89728109612503
38.00875388532954
41.7518166796074
42.06882578910944
43.80565651501859
43.9659115923647
38.33880860321204
41.85180306930891
42.56750530279196
44.17986664840895
28.0906819901817
29.749790759366178
42.25275267712331
42.91243183515618
43.90883870900202
44.298385137775526
37.934158165111064
42.166098661921566
42.62374114610327
43.90929838152468
44.086526939813744
38.404805288747674
42.44258927577588
44.071703267836504
43.994042249680085
44.27079858985455
38.37634270865738
42.293654394934
42.189426249295884
44.06198064943114
44.55531831267196
