3.576139652029487
21.80161655014684
23.383270521597574
41.661408875998255
41.11901494059057
34.651927859155165
41.63039572808211
40.039941576852215
38.498572700487394
41.80549990531153
27.880059292347166
32.37744704501945
32.00439513482992
39.47580235294117
22.394703401142614
41.921659953423756
40.503935182949796
39.67820789344231
43.47555325213786
41.15007799699785
39.32553255325533
42.89180676565632
40.597634396112824
43.15482755782369
41.18361415498213
38.92625522041763
40.56426077621641
43.70842321359719
21.579301013032048
39.1234154486181
42.02119943094155
43.14550523078189
42.44602540100187
38.602033960701306
41.39170252240161
43.10869922710081
41.22287635016266
43.25094868833526
39.05892870446249
42.52822842310188
36.96920337758034
37.86737448425919
21.837599183622466
41.80758342968781
41.90113886113886
43.04896798760148
40.92722624460881
42.88435151577118
38.55944840266606
41.7040756465453
42.995130851947145
38.355988002048434
43.193936398088645
40.56269160469232
39.32663872558672
42.90409165302783
39.95564616000152
43.64156990052857
43.21975145807143
41.52899591076962
41.65189326607017
39.303422167247646
42.936153224072804
43.49448840127342
32.67864433190495
42.32651825539387
38.80632476892758
34.265789796168455
39.23687287762987
41.28170705301077
39.491784910599115
38.41676512882514
43.71571212673928
43.82579620496531
39.485464678415426
43.52201884364753
41.71154094774004
38.86241626284433
42.96606193466436
42.449462082645965
43.69385267675768
41.99721640916783
43.42603924004763
41.52652891498273
43.151719667897815
43.80702908768082
39.406817242286444
43.014531991918695
43.30542878972474
43.688391229623456
40.74077959417587
42.93571370076161
43.30140507727409
41.04939467786292
41.750569872886
37.96368639235351
43.00791600016406
39.6025304503824
39.015329662152105
43.57129946085204
41.01246712102397
42.698808917845874
43.556367865747276
41.486686449060336
42.56016235413496
39.51596917337152
43.2291059005411
42.7929071357153
38.99284160422438
43.26701052197235
38.46644289146903
43.37394649486561
39.58122811818774
23.960331787126112
39.438312756814696
38.18592667449631
39.32590127045145
37.52519839317188
39.23540472025519
42.81780781363251
39.08659186640325
43.80291162771268
38.88187034753831
41.41745252742695
35.63312604071091
41.899883120386
37.68636506581608
41.51502014233255
42.68316610017707
41.893187107342264
43.284871001031995
40.243168560024564
24.90280061985311
35.41619029122934
42.55713952332153
41.80966716175401
42.63110605167402
40.67835009552997
43.305875915046514
41.80800015948486
38.7164140528366
26.44780185133806
35.460205272146226
41.364760646166594
39.11976645494651
36.6327557294578
39.06365778469046
37.17300056721498
38.89485056149559
37.45683488573546
39.143497088248466
38.73214516575861
39.25890843059989
43.6043663582493
42.861125304011935
42.66102505161874
42.90672504449946
43.434133813828744
43.044108290059725
43.23668151080323
43.1100284707019
43.24827287537894
41.482993600965294
37.30226518796525
40.83080876912893
37.470554602630074
41.02249520754274
36.59312510905601
41.84679237753168
37.50238284707755
41.635354728555974
36.73671302946432
41.25531391700355
38.07707461439997
42.60642199039038
38.95915808246408
43.513891482518936
38.56015739199985
42.3949703842966
36.45477380383295
42.66493062619522
43.10471198807872
43.02688729085668
39.12852518354743
43.683386102316284
42.2280795368739
43.59303642883126
42.46450411047665
43.44223140581467
41.09282936053062
42.8545564149459
41.60107912955506
29.56525171640844
36.095248750010754
43.18148498949883
39.73534427223464
43.523373699011096
37.414400913437525
43.24247641631012
35.87512188446208
43.0357168508429
41.065872953708784
42.25105015563457
41.44610124605974
42.62070927751245
41.383534612045146
41.80299995016694
41.56480031711426
42.81780781363251
40.38304304709088
42.9335162191764
38.80524767314916
38.82859814295369
42.75321339381275
42.52693481501009
39.50926902788244
42.953301654923806
40.87418018808167
42.58825201807382
40.97200351665527
43.20194466761428
42.64367558994276
42.24296505186827
43.056038597751886
42.37441150916328
42.5523902280659
42.861125304011935
42.883913052368975
42.94626474442988
27.421996155706946
37.08655555064326
42.063762999809455
42.74101474529465
42.61334796346531
37.223475536701606
42.79771027417528
37.51747826398082
41.32848542177816
23.78910113889015
36.04035126914022
40.755030850702035
38.30694479962006
30.31508344355544
34.712438963833485
42.95154221111703
38.85917580788615
40.35002116442837
36.05925187203934
40.75819915068946
43.281297725677966
38.54102382680769
42.885666959775875
36.957476429641375
43.090541109752714
40.74909161566113
42.92428925230776
42.465363976916066
27.405333002280344
36.783428486235714
42.1076810328384
42.67925718646655
41.88063784960409
43.29917000454226
42.43013798405698
42.368846911460174
42.910675737889406
40.59566972192917
29.703019658942836
39.357267523693345
42.36028884512448
40.81372425000243
30.466582890846887
39.69285220831086
37.3810559338348
41.15371180753154
41.35538004949665
40.381876648758976
41.282113365025936
40.57995917143161
41.88942154042825
41.44077777338656
37.37805780078957
41.49900069258929
40.03726613211149
43.02865291299486
42.0561711002597
43.11977876242662
42.09120102761721
43.273260012793266
37.47624621377961
43.25228671898363
43.22019681591014
43.39907910393709
43.385162811866444
40.822066065832246
43.4665423078916
40.075137825933254
43.1437300060689
43.34929100004134
43.122438698401275
35.89169946945062
28.657838997526614
41.337853820074116
41.976201198947166
41.6337015971333
43.48546960695883
37.268126243957916
41.308947653518494
36.796982059042854
42.90453052915844
23.409894624040007
29.27633911744587
41.5105005839156
28.020308909197798
39.558456256837815
42.571825868071414
42.83136245736576
43.371703927367484
30.42856624661748
43.421094041161126
41.3150512214342
42.19961365099807
41.40069094857368
40.96240014063324
40.89211270351955
42.417265022956656
39.96059488762493
43.260762835984075
41.23827783185362
37.67248688654164
41.127078757452146
37.709066062502245
41.24273830360479
43.125098962563875
40.97200351665527
43.194826059195485
41.571391757686285
43.18948864221431
41.436683724881945
43.168596453309455
40.68387409670692
40.091226259092515
40.82246338021315
40.28684769140629
41.256531318854265
43.23980165152937
40.08931029209359
43.485920457844315
38.40832211569279
43.67565316089261
37.327495216482
43.34167588066919
43.37529214668349
38.48620873171716
43.41884659579093
43.303193301603365
43.08832775163855
42.265951872304406
43.46744323422424
41.3366316142194
43.10338307230649
41.87394798582339
40.26518955139343
41.20222401225957
41.40600412647956
41.628329826511575
37.86122168963992
41.35864238312642
36.933069167437154
42.072201659093416
37.32317713431455
43.21084622833948
36.38109777253487
42.88654396728016
42.46235459671786
42.862439323488836
42.356011108305985
43.57265738624559
43.26834954661275
43.396384931350944
41.449787528411896
42.315842573068736
40.943206887799924
39.83383826392516
40.920837479755704
41.07834092355908
40.70479998447235
40.817298896436284
42.16694648583981
40.60156431503136
44.762160893043905
41.639901516956556
42.11233157292315
39.93890571140186
43.11313035791378
26.91002412359493
34.87812666311868
41.016477767238094
43.62613633999709
40.81451856176714
43.357356984845666
42.879090546633
43.51569730043782
43.40806209573092
39.94575238095238
43.31168938455184
41.566447981289514
38.720703088938535
39.24421531292982
43.76132296937764
40.95960000390621
42.95858085132533
40.64996462527016
42.991164592771774
40.67440529873253
40.06250596977859
41.347226466616064
41.30772715633556
40.8833437305053
43.448981705927444
39.8368649500888
27.676223531663027
36.82282603924323
43.286211131407576
40.38887604961097
42.91199279736449
39.45649188162029
43.096739722367786
44.03283851596783
42.77326915428466
44.31710744587556
41.62915616253449
44.2157284419144
43.351083181743014
41.175123938546115
40.423130300693906
40.46681074405681
43.13485607330543
42.8296129888696
43.823506671263935
43.079919064101645
40.52702572129785
43.05515464446657
40.62909506557917
43.13884889126589
43.0954112981115
43.330034401181834
38.800939887879515
43.214407879824435
38.780490962045214
43.01276752843211
41.08719375410205
43.350635122425146
43.10825616411606
42.85192942306317
41.13554916979689
43.09142651666924
41.84512241355229
42.90145858478407
41.10128566948887
43.38740677142059
37.583705947185905
43.396384931350944
38.296451854421946
43.303193301603365
40.8861334503095
43.1703737250018
19.36517844775844
42.05153295502396
40.75859522282472
43.2487188212124
41.272770211761
43.45978655061651
40.95200156219489
42.81518532507171
43.043666553780156
43.29425365662321
43.35914983356421
43.009239035694875
41.09202417924778
42.98808023040105
41.2528793288287
43.00438830332609
39.134001380880406
42.96562179881172
37.1512692873213
43.07372528883184
37.71042221103359
42.11571442915955
36.466500895512006
42.732741054690685
40.57995917143161
41.969060817706975
41.51625291998258
42.89092954289805
39.58832634877487
41.93088004478701
41.45839140448161
43.14328622271596
41.507214250371106
43.22866035907901
43.1100284707019
42.23786026464724
42.16355539471436
43.56903643993851
36.614208146376384
42.764982972735986
36.027039795225946
42.79858368792155
41.65189326607017
43.30542878972474
41.24719974037979
42.72708195385321
24.11780873905318
37.09705208600515
41.70988176095626
42.697504911791356
40.82087416909167
42.93966973453864
41.4301349295719
42.83136245736576
43.262993945270196
42.316269496963216
43.5089262559517
36.211485996477535
41.84220029728355
37.10492838754766
42.40397116658073
43.30006400594636
42.05068976580045
43.24648918400594
42.59041429731925
41.64031491059994
42.858059571859194
28.636120953921992
39.176402458388594
39.911922275404656
42.470523906923994
42.778067885117494
42.012360394651175
42.9093587592585
42.66319472699162
43.035275286778436
37.12036250354007
42.6111833550065
37.39738754402389
39.335859248977755
42.85674582090162
37.31155649257648
42.68924805601922
37.285353625146676
40.83677185056811
37.07868704638478
41.73187670387838
37.43376827374471
39.47245880348959
41.18361415498213
37.4310957217056
40.91684551449643
42.799020408163265
40.5521028715073
42.68360046812192
41.0236989074833
35.809575848644215
40.279109967252786
42.738837147689985
41.27723814866208
42.20428452118614
40.795066819693815
42.79116080719868
41.504339135339464
41.71527460068029
41.408048019586936
40.49298616541644
41.23949422846243
35.09026261409365
40.91724467597335
36.397198816352386
42.93703229769156
42.26254483898271
40.597634396112824
43.975591855564176
41.762209632292176
43.30006400594636
42.854994278240966
42.60555640205191
43.00791600016406
42.927803819622135
40.10617708930962
42.664496638151135
40.78118406596078
43.00615207940284
40.705985112433154
41.69081059589484
41.27480097225912
40.62948863251092
41.23462907253387
42.308586184635246
40.995230276018454
42.87383086814748
43.983431381801786
41.75722036935636
44.000503545801685
42.90058096718763
44.56952192716801
43.598927257229576
44.28856225713803
43.142398683398476
44.381821067668376
41.1061194088361
44.652557169015886
30.91525823499495
41.775104081592
40.90567215417024
42.84623871205002
40.83518152522076
43.03748319771797
41.29959235116879
43.03748319771797
39.884596000418405
42.69620098538214
42.666666666666664
42.262970688108986
42.95462133237749
41.324413529463925
43.22554182597673
42.01530632688224
43.142398683398476
43.27817159366455
40.287234655652675
43.06709107711264
41.23989970994543
37.39305327722702
41.396196247569605
43.751736799282334
41.581695069843065
40.78395986075728
40.52311021796259
39.63508878032186
39.6444545265506
42.41597815644435
40.4126142965882
41.46904877252998
41.01246712102397
42.38940038606527
41.50844656447
42.50452477224131
42.82086778968862
42.88435151577118
43.421094041161126
40.23776357950076
43.11268720384018
36.98550315685514
43.07903413000832
41.004047316453224
43.03041868004473
40.8670115849678
43.269688654135805
43.23801865883202
42.22637900311087
43.14728060159039
40.981611396634946
30.465033847584184
36.899602350705564
43.32466351964136
42.76411092985318
42.89619341774223
42.71228831250827
36.04778520721247
41.14039097213367
37.060995113675524
42.805572281471655
37.22149354394995
40.84631640453815
36.899602350705564
40.386542646407456
37.03089215556439
42.42284234694394
37.2274401555025
43.1184489174908
37.55678328065258
40.551710802370664
36.89213746030909
41.02249520754274
37.452486829181176
38.03943334965809
36.1120304441785
42.355583382142065
36.64940058019643
41.355787813054626
42.99865703008868
42.94054895215864
43.284424309346655
43.38067558902013
40.65232856796705
42.49935657760079
40.38732041751724
42.839674384875444
43.09851108211141
42.069669705814505
43.05648058800583
41.0369442705072
42.639773905617794
40.92962254576681
42.60382533088198
42.87207792871526
43.31705704961375
43.397282951711865
43.174817544545895
42.662326830359866
43.34346743275223
41.12546574106758
34.08036011733065
40.79705084185237
32.741142031926934
40.73761400168999
42.36627912849365
42.840549512282315
43.28174435283313
43.161044680894854
42.847989539065054
43.31437305078795
40.35196213309217
42.610317573196255
40.03497317832121
43.5247286387315
41.081559693232904
43.995426653380186
42.09711544251962
44.14452759096124
40.70914579107259
43.85007997825428
41.89779038638271
42.22340339856648
40.54347910141902
43.11490306531527
42.90979774315324
43.13175105919131
43.306770193389845
43.13485607330543
41.285770533112846
42.89970338549657
41.1323219346677
42.936153224072804
29.822556562051165
41.58458091253396
43.193936398088645
43.17659532853628
40.8602435460302
42.465363976916066
41.3831263011455
44.379003502237836
40.72930666148767
40.7748408107714
41.20181927130915
44.52552016985138
41.24882232034854
42.05321943491949
42.89794832982184
41.211130325420534
42.7697798443921
41.06064670236615
25.512332500015205
40.52859213450575
40.974004786792364
37.395720399429386
40.06595023164732
37.270113206205906
42.71881365599283
39.687969569084615
37.55476563549268
42.06249749287978
36.29232499783681
42.96386134557076
35.97944670812782
42.89926460811488
42.919896852359706
43.217079503771174
43.51524583190679
29.59863379108859
40.344199378625085
42.81605945223099
43.05382878259084
43.055596616572224
40.57799620757711
42.913309937691196
40.74869572820627
39.767367333200596
40.75305091333074
41.50762501360726
37.98844307580835
40.13073596387156
38.42521185470203
41.333780081597254
42.786359138622245
41.48791754453644
43.600740140127655
41.30772715633556
42.95022272285085
41.81133429696456
43.075052376453186
41.57839745432557
42.920336051901806
40.29381418539191
43.50847492790606
40.35002116442837
43.15438354614015
37.48863981695
40.21885757572852
43.07239828297973
41.00765538076475
42.978389400661946
42.586954755909346
42.43486002772129
43.054712681434644
27.35314564461748
36.68049008719074
37.24429921147972
38.56795799578855
43.56134392688373
43.4435812980341
43.889541150002614
41.171082208588956
41.04818946956352
41.792170265342115
38.860615943371755
39.595427125716284
37.50070632834433
32.815942040324536
37.25554706791494
40.84910107325815
35.8963070734734
41.24395496337086
37.738244767954505
42.612049172000404
36.167146675864444
42.92956131911322
37.05870295105142
43.29604129032258
37.60729496364174
42.77065211849283
37.17530689120319
43.02688729085668
37.50707789710893
43.26433272130877
36.446854362182826
42.999097843024686
40.797447669442064
43.3708069652976
41.38598464665601
43.161932987568946
41.36924852298618
43.08345916407301
40.46173585051273
41.89151343847068
40.55602397988783
42.211929994062174
43.08213155840421
41.06265664160401
42.57874059711492
41.73727523310081
40.4554915747948
42.40482858327183
40.82723175610563
43.18859920095556
41.0441726196301
41.93968482521398
41.483403884954704
43.17259552042161
41.125062506740925
43.17348430262481
40.70835557539817
43.49539048646182
43.11667591850161
40.96400039066315
43.22643278952088
40.66375816803366
43.220642182927335
40.83200124609379
41.17957075814401
28.429984206709097
38.57576175629317
41.410909808954926
43.2737064740779
40.717444908261335
43.34257163819739
40.62476633251005
43.06311153091921
43.25407088863451
43.20194466761428
43.01056215262823
42.55800314545178
42.789414621207484
42.97706826239318
42.564049481941524
41.96822093255953
42.36627912849365
40.40755298651253
43.33943664882515
40.941208624947535
43.66292251798337
41.121030598339196
42.30389220047001
40.93881096697998
43.330482034752784
42.654951134433695
42.65928947020474
41.83802655335109
42.91901848024067
42.618543921150234
43.134412472490176
42.92824318100404
42.801204143068524
42.698808917845874
40.89609984399376
41.7173491411464
41.19534449737269
42.875583950932786
41.14967427988384
42.64887894656566
28.97719437631697
41.334187419313515
43.022915170786746
42.25573241990731
42.91682270722698
42.315842573068736
42.94142820578449
43.14861222558278
42.64497631006365
42.87821384393625
42.01614809768998
42.811252194504554
41.22733349060313
42.98103192088948
40.912854328020444
43.0494098327004
40.63263744248002
43.065764479993426
41.06185264229632
43.200609749817175
44.24184633559766
42.59993093501798
44.14127552094296
42.90628612347194
44.31570272383408
42.741450291444174
43.13884889126589
43.14550523078189
42.728387767160406
42.62157548166816
41.81717031734479
42.711853360488796
42.72925835370823
42.31669642947224
42.526072453335225
41.98544529975275
43.007034021696775
43.09452572743712
40.84830541488118
42.288110985642845
43.23133374561946
39.950698657929074
43.04720069790117
40.36710809978442
42.90453052915844
41.18806280871623
42.95418143088298
43.22643278952088
42.88172086984081
42.28256902930532
43.06886000041074
42.351306595581406
42.095002960688085
40.39432170579964
43.03483373177514
41.34152087132226
40.48673224128112
43.02909434117116
39.69923901109302
42.897509588340576
42.72316499276794
40.48516906207469
42.90101977149754
41.04698433203175
43.057806613216165
40.89968893526148
42.9898426689899
41.233412962908346
39.63995841602873
39.86564142532625
41.878128900204686
40.64523756456349
41.40600412647956
40.27137521483231
40.26132447661192
40.61296538368434
38.108210752023844
39.5681590913379
42.97486654576379
41.24638849826432
43.365425971877585
40.60195734877012
43.42334171920779
42.885666959775875
43.49133139776026
43.300511020492436
33.91117758822816
42.796400220394666
37.16740068587227
42.80076737826034
37.29165221875472
41.432590485222065
36.62635788885396
41.29959235116879
36.90187487352742
42.13644628846405
37.06525273948392
42.548936860899204
37.12792004886296
43.061343079781935
39.93890571140186
42.89443864924014
43.05073542241884
42.98191283317791
43.177039797409975
42.68794463386087
42.978389400661946
43.38695796094009
43.35646061608435
43.57446808510638
41.758051830391366
36.82347260388225
40.21345912311483
36.906096015767986
40.41417187786054
36.93046762874979
40.185333512177365
37.75692925364804
41.096453066823436
37.05084625984948
41.09967467565555
34.55714203323639
41.168657551457095
43.38740677142059
40.68782073046515
42.62677344607504
42.76759931478914
42.90628612347194
31.378754666447215
41.63494143339289
42.274897948898854
42.920775260432656
42.89224539049158
40.4640779508948
43.06266940451745
34.93797584339858
41.57015570334103
37.728739767923
43.09629690518269
37.38238859180036
43.49629260906988
40.41572957920196
39.27030316648877
37.73654709528822
43.45078214026727
41.350895181007964
43.303193301603365
40.524676328502416
42.576147310507245
40.93761224330444
42.86813433903641
41.06748129871147
41.149270570691364
37.01912604478336
42.79771027417528
42.931318962517146
41.165021101187556
41.476840314860965
43.499901473745346
41.31057509529109
36.84611667969745
43.09629690518269
42.794653606774816
40.738009673847586
41.51954068501287
41.41786151597741
42.64497631006365
41.748907579754146
42.888736642977655
43.24604328415148
40.68782073046515
43.00350646953883
40.66809521500945
41.1613852932806
42.20003823283798
42.871639716254066
36.530339583859536
40.84074820592216
37.887556005203066
42.54936850114126
36.578764226224216
42.76018717695155
43.194826059195485
28.237625895405827
33.39892659776083
43.079476592510424
37.24132297447281
43.18593109697082
42.553253657447804
37.445465177527204
43.45078214026727
41.27967561290069
37.54669722224709
40.79189278559063
42.10387680941195
40.60549499486901
40.63421203049767
33.004445913300756
38.88980167082364
43.51614877833688
41.61015873015873
43.836331142024015
42.82436544077107
40.67637760148961
43.14461760016459
41.42890726089232
43.31392574998709
43.11047157011882
43.330929677572655
43.014531991918695
37.643071897184605
40.51645559838101
36.40699269135288
38.548462400970536
37.49668329489174
43.1011683947674
40.36710809978442
37.73315220813804
43.224205449523886
43.00086118515481
37.67857848685747
42.193245948474456
37.64003158877163
43.56948902531501
36.88143223945693
43.58261809264532
43.295147455020285
39.891044662558016
43.619330885946944
43.02997722469582
43.75721409643833
43.484567933233116
43.25451695404669
41.62048127015629
43.27817159366455
41.50392843713511
42.79858368792155
40.666517999980606
42.670139171482056
43.122438698401275
41.16825346970024
42.875583950932786
41.38680138932744
43.366322711387745
40.73880104122149
43.04631710746431
42.29919925775026
43.11490306531527
42.91023673603012
43.214407879824435
42.52262335634701
43.002183786665576
43.367667890192834
42.772832959412604
43.17970680283314
40.79546360868762
42.88435151577118
40.81769611802602
40.96400039066315
40.63775529977134
42.249773354554065
41.895279381505084
41.51584198596443
29.56025089858341
36.130695082136675
40.047970056907154
40.036883954906884
42.30645242634228
40.204978767865185
43.06001683674517
42.62677344607504
42.59776768938586
43.190822872795046
39.25082585463087
42.980151044708826
41.41786151597741
43.36094283055929
40.7578030862518
43.10249717398006
42.7697798443921
37.919411270126844
42.217453447408154
40.11269760814055
39.50033903412944
35.05741342850695
43.763606010016694
42.541168833803276
43.21797011849562
42.19918907770165
41.97830177348973
38.73607994163226
42.54462094009291
42.994690120343606
43.2193061094109
40.89251138258148
43.26701052197235
41.033732488064494
43.37932960316065
40.03382679991219
42.843612739790395
40.75305091333074
43.4665423078916
42.036360720800175
43.16237715461796
42.71272327338642
43.06266940451745
42.8060091443501
43.31929396940809
43.4058159991721
43.044108290059725
43.20550485176868
43.1100284707019
27.880985934217872
39.02113724322715
41.05059995693621
42.828738308213865
40.334112261873855
38.543503032530786
40.28220470021033
41.37741079444
40.0143484067926
43.37125544169502
38.8995399910966
43.36318428534505
36.8866218735709
43.418397134634894
37.825370200025255
43.36094283055929
42.594306953316206
43.750367689242616
43.38202165840944
43.63475963088959
43.41614996842879
34.17170976519855
41.98880780050255
43.388304420238136
40.03955934856903
43.27638543526037
41.67424114461722
41.19777229910912
39.95222083575436
39.787738220590604
41.57674884269585
38.467854063869986
39.90926391109081
39.7960434555719
41.17027395781187
42.969143138138755
41.404777887462984
42.35387256386954
43.209955907199074
41.30569315462415
43.39907910393709
41.512965675600775
42.821304964828634
41.16825346970024
43.49719476909994
39.98040206274009
42.98940204579464
41.37455363308146
39.03493718008376
40.72732922270234
39.09715787805629
38.76543711932863
39.44795673642135
42.44860286006335
39.08149307690874
42.263396545817294
38.514834574521814
42.64020739084024
42.39882739449077
43.42783777347511
41.0441726196301
42.8913681497919
43.31526768010575
41.66968685423621
43.52563197874725
41.65065242001152
40.59842031903361
42.45375871736996
40.41144618942094
43.462488601508745
42.88259771595661
43.133968880798854
42.707504327461564
43.47870796533566
39.96668731240173
43.00615207940284
42.76716323554903
43.30632304960145
43.468794693750645
42.930440122824976
38.59421956807788
43.05161919425199
42.40354247123764
43.356908795832084
41.744336956089015
43.217079503771174
40.666517999980606
43.191712405647266
42.78417691821205
43.64883653165716
42.47353444522081
41.428088855525814
41.59612829006089
43.06311153091921
42.97706826239318
39.14495837533132
43.06930225394054
41.681281551854354
43.39907910393709
37.17135336813279
43.561796352457314
41.69661301706912
43.31258390301328
42.27021143651866
43.57492078333593
43.06532229911493
43.42603924004763
43.2924661705356
43.18904391700561
43.33137732964172
43.399977235806006
33.205639957882404
37.62483741040753
43.1073700654683
41.325227843736144
43.20639498949277
39.31078953287846
43.13485607330543
38.862776346756114
43.04057465366855
41.9137004097132
43.220642182927335
40.61414517003641
43.27772504024103
42.813000163318634
43.31616234638025
43.23445311453104
40.24394081863714
43.48862575949236
33.42953924139415
32.5003796860229
39.68909622536171
42.90716397450718
37.54871400051923
42.711853360488796
40.14955919094068
43.13840520832262
40.7942732648615
24.370186162177237
38.34021042624569
43.419296066252585
41.04095970566939
42.24636892890957
42.02583088684709
43.10382603512594
40.38459834968563
43.232224947947806
41.371288788936894
43.229551451187334
40.46837250588553
42.93263728952352
38.91686460807601
43.269688654135805
38.75970539583969
42.713158243123516
42.91770098947088
43.17215114304242
42.964741554157875
43.08921306759811
43.52789049284447
43.20327966791302
43.52879396411262
41.23219692501278
43.1011683947674
41.568507745215605
42.13136721143511
41.20060509616707
43.26165525208351
41.654788861081315
41.637007991264205
40.995230276018454
43.06974451655303
42.63500614981144
29.142694357399442
37.985690738828815
24.27624526838529
42.336771979408496
43.209955907199074
43.06620666995236
43.11268720384018
43.60617969351049
42.91638357958499
40.778408648984986
42.8116891733268
41.539278215742975
42.89619341774223
37.00116447298775
43.244705639756674
42.82261654380986
42.89443864924014
40.63736157267011
42.994690120343606
43.35197932816538
39.333645929065774
43.372600926538716
28.975192566750717
41.96948077288692
42.12036674399221
43.31079490303794
41.84512241355229
43.22999701101801
41.34111338905535
43.457985369998134
41.18240105255923
42.964301445356114
41.45839140448161
41.840948086668526
40.92762560864941
40.803797960930815
41.23908875495295
39.1914110314798
28.46838432926995
35.50733544973545
42.77632276751112
41.90197606345781
31.319942054092802
39.521554364110926
42.945385292732375
42.665798628771384
43.33361572873511
43.44763147808612
39.13728783510157
42.67274392104996
42.63023946009676
43.471497864930974
41.60726933645481
42.575282951834744
41.2691153463934
40.204208003834175
41.127078757452146
40.851090354815774
41.785508632455645
42.73796617077644
40.640511603120004
41.62130729461264
41.19291698176211
43.04985168686941
40.002517858675645
43.603913047998255
42.89268402429796
42.54375786099728
43.50080378348666
43.302299170976966
42.7375306956318
43.52563197874725
41.004849053652435
43.106040985796795
41.322784997192144
42.33036281980118
42.57139377207584
42.90628612347194
42.489884817602544
41.077536309949366
39.367980401911
40.68663665994102
39.24715305654586
42.97794901221412
38.303096718811354
43.03130161791712
42.065028582890385
43.433234267725666
42.04731734702061
43.19927491451407
40.55249494822535
42.77981314511852
39.91648029540242
43.36318428534505
41.548330856859835
42.89487732790624
41.55409368312594
42.17797130014179
41.6995148333731
43.168596453309455
42.15508005266491
42.89049094497449
43.1180056540735
43.56994162009432
42.85192942306317
40.29729833595942
42.90321392770197
42.98808023040105
42.567073294497334
43.00659304602828
42.84492568568364
41.63907475429366
43.15216362476594
41.59035379977789
42.561457984515
41.34681887186767
42.715768247599065
43.26165525208351
40.45237015961808
42.7737053580534
43.237127217623474
41.92040298238951
41.86517078234484
43.31079490303794
40.58388566894697
42.46106499291354
41.36108947114104
42.72098921357928
43.162821330808654
41.4129541864139
43.520212501037605
42.778940497317585
40.45822320825697
42.970023563159515
40.92922314275398
42.65148110108909
41.05823503499584
43.48141236963779
43.06886000041074
43.04720069790117
42.48644158790936
30.21636925559582
41.51543106008116
42.25956413537395
43.197050372308105
42.89882583970871
42.37483961568382
42.43743613092528
42.77937681676781
42.88961377603714
38.97689805780132
42.747113199278424
40.7780121916836
42.05701450932026
40.225414788529775
43.03836642552973
40.800225678738535
40.257073751295735
42.47439467741445
39.8804244475716
42.84711410767188
39.978496673465884
43.28174435283313
40.375268330718214
37.64138277632193
33.74719598345751
33.309275730622616
39.996033108288515
42.840549512282315
40.69650602058935
38.28177138476142
39.67070217917676
38.743236128174104
40.21615816825513
40.94160826191359
39.653824700065236
40.69374211700786
40.10656059055833
42.44903246700672
40.69295249922384
42.99777543133054
40.358174487861675
42.82086778968862
41.33174351343628
42.83223724521057
39.89066527176756
42.763674921748354
41.33500211883198
37.94342370704083
40.764141041091634
39.08950605778192
40.54739854217823
40.419624357948905
40.83915757085966
34.6410525359476
39.436829486154856
42.005628386295584
39.22586437476035
43.08965573922066
40.60746062020157
42.713158243123516
39.774155310896795
43.41075771846117
41.1856361511798
42.931318962517146
39.48732336022746
28.277223450730812
32.38744749196936
41.30284588872477
42.44860286006335
39.83194681861349
42.477405764517634
41.91328157008524
38.78371830673349
40.95280126540256
42.47783595466929
40.91165712390632
41.57386408690825
41.230170354569495
41.46126015697594
43.21663421017382
40.05294168202523
42.898387080277786
41.876456434269514
42.53858012170385
40.975205642718976
43.42424085558397
41.081559693232904
42.72360017520092
39.93928602035861
43.214853127543606
41.66596135697611
43.38022691778626
42.50064850843061
43.24827287537894
41.21234512100459
42.95638102846141
41.394562052800396
42.80251449097886
40.28297845775588
43.15837998024366
41.091621600438906
31.19554934102877
37.70567611787339
42.94054895215864
40.347692248494525
40.86223391300112
42.00899412076961
40.27330862443109
43.35914983356421
39.12670012500233
43.156159647696754
41.89779038638271
42.87032513261854
41.11135724297462
42.820430623475005
41.610571533447754
40.19303524541465
40.84631640453815
40.22040025699299
42.237434921402176
39.97011511778608
42.642808487276206
43.267456854310446
43.03969133522144
43.468794693750645
43.23445311453104
41.49859010002869
42.865943769354196
42.99645310097386
43.14328622271596
42.67708587708588
43.01232643517854
40.30891652411248
43.141954927433375
42.905408308356435
40.355068071390775
42.82174214889533
43.34884297776905
43.24247641631012
40.98801915371836
42.57009753671582
41.600666514584965
43.20327966791302
41.165021101187556
40.011676381085024
38.62229506989079
39.904707538912355
26.46649334915066
37.514793746198706
41.28536414910476
36.69396789291807
41.41786151597741
38.40656362171269
42.88610545904439
40.32209190540281
42.25360398932151
39.49959505019494
42.72925835370823
38.59421956807788
42.36114449617727
40.601171288901796
39.69923901109302
42.8891752050228
42.936592756382694
43.06045890868025
43.18148498949883
43.29067883204145
43.124655562410034
41.614287131659886
41.794252461237996
39.75078424868502
43.11667591850161
42.8138742012535
43.48096161222438
41.44364408873079
42.66840284842319
40.768499528581565
43.73394504978885
37.73620757908375
43.05382878259084
38.35493575968177
42.92648578943598
38.26396022442184
43.33898883022143
38.15778748180495
43.19037812010874
41.37659442235792
43.085229432248916
40.67913914671167
43.10338307230649
43.097182548652924
38.95662511842178
43.18237413775353
42.70185190841249
42.00310443934827
43.076379545851346
43.485920457844315
42.70446053127259
42.68012577208389
37.83287631692885
42.30943974821958
38.521201656824296
43.295147455020285
38.55732159108668
40.688215435955144
38.81961386816726
40.85188612168967
38.8548560417979
41.36068160302935
37.40572549719076
23.031453171674574
34.40661504134401
41.662236525816
37.950633369525875
41.05100173235591
42.55454886722198
40.91724467597335
43.428287430109755
42.63110605167402
42.50194051780919
43.464290155440416
43.220642182927335
43.01938501302591
42.14237342630643
42.88084405958308
40.919240600183414
42.265100062476066
41.10491086741344
26.911923415012865
42.102608887684326
39.86677819177249
42.93835097561475
40.85626339372686
42.888298089901426
41.76428884374876
43.28308428960621
43.424690437735535
42.59171177026108
43.468344197904464
42.95506124288231
43.22866035907901
43.177039797409975
43.027770083812925
43.402222728119376
38.77475478640301
43.11401669339254
38.81350693576895
42.995571592586515
40.68861014910315
42.93703229769156
40.891714032231334
41.71071133784819
40.00061036087587
41.033732488064494
41.260995740411005
43.470146237316946
41.22085069580942
43.75356241263483
42.72011896395433
42.837049217162175
42.088244443329486
43.401773611067995
38.178627343892224
43.03969133522144
38.481618422863434
42.84623871205002
38.703909789700006
43.21975145807143
38.397422048080266
31.026171349104196
36.84611667969745
41.690396199033856
38.44634492873184
41.689981810410806
41.016477767238094
40.53368381379437
34.212404972429766
40.88852494175221
42.67448059744012
41.016477767238094
42.490745712230655
41.68293846398473
42.64324203420159
40.51645559838101
43.5125372174328
42.59993093501798
43.273260012793266
43.386509159744705
43.12953346563975
38.620872543783726
42.214903981641775
38.61873895109016
41.35007985488101
38.89160469558445
40.05332416585496
38.702481245328634
43.08877040507083
37.65929517396184
43.4381822324406
41.74849202715347
42.77196059635741
38.01529927854113
42.21447910061697
43.26433272130877
42.9335162191764
42.910675737889406
42.95418143088298
42.808193592504516
39.358744815419556
43.1100284707019
42.93263728952352
42.839674384875444
43.0648801273166
42.96210103658787
38.69605410043269
43.11180092302316
38.655754626557545
43.344811194014426
40.45432098765432
43.015855434537364
28.560658059595795
36.86490002197319
40.450809632651485
41.53228569448158
40.62319247644045
42.831799846821546
42.18136471061497
41.69578400087481
40.694136937391455
41.54174672662084
41.26870929019816
40.83200124609379
43.39907910393709
40.7899092650763
38.57789060272435
40.55563183492714
38.98668005168103
31.716163181972853
42.40354247123764
41.29064776530813
43.645202913631636
41.61552581186066
43.24336807810873
40.11423215600761
42.999979496011974
40.82842402414095
43.32913916178552
41.26464916768329
22.719932397662085
39.8993930861285
42.89707085583374
40.93841138462139
43.275492411345326
41.260995740411005
42.927364467233666
38.2877121235634
42.83311206878945
37.39705410321338
39.15994286087744
42.58176649746193
37.344445038018414
39.04293107942063
42.27660239287982
40.61493173235208
42.55195852651442
42.657987876815426
42.081065896139336
43.362735975849304
42.89575471215701
40.70993603742635
39.58907367904404
40.899290116233715
41.72730980829113
41.20829608087794
42.858059571859194
40.52545942916771
41.70283168946866
41.0160766673186
42.44688451924342
40.799035057001674
41.018884531505186
40.21037494367696
40.14879055030679
40.80459188637027
43.06090098969241
42.11360008032532
40.80459188637027
42.78897809697724
42.56793731985548
42.45418842868132
42.53814870031744
42.56664129497133
43.1437300060689
41.62006827022307
43.485018765421856
43.086114620892275
42.62634023395022
43.485018765421856
41.02971846692622
43.356908795832084
41.065872953708784
42.84405037948047
40.46251652051438
42.78374050084154
41.06989405244502
42.384688453687424
40.91724467597335
43.09098380866278
42.05532772502582
42.13221363924019
43.097182548652924
43.326901225130676
42.76716323554903
42.60122898786248
42.830487705252835
40.84830541488118
43.0502935501088
41.018082245366976
43.12155201661406
43.214407879824435
41.453884166831386
42.9093587592585
42.9898426689899
41.33174351343628
43.24069320302271
38.92553270472938
42.99953866499903
43.00615207940284
42.66319472699162
40.81451856176714
43.25050269651567
41.191703331238216
42.862439323488836
42.0814880958353
39.259275899509525
42.14279685710267
40.15224966494352
40.47149639121541
40.44963931643714
43.40446845280598
26.734042960035694
38.106825842441424
42.079377182069905
41.001241483132446
42.97662790101952
42.76280293221048
42.657987876815426
42.17585069584104
43.12775955497517
40.30814176981625
42.660157243259185
40.20806211954177
39.760204758744905
39.016781395348836
43.053386846778416
39.98459455852352
39.038207015943634
40.13572816091404
38.96567293131799
40.688215435955144
40.596455568783455
39.73685008337123
40.40872086861855
40.1288162187503
42.60252711981473
40.79546360868762
43.13042047569591
42.93439518481743
43.1437300060689
43.0648801273166
42.609451826567515
42.76759931478914
42.21362936422468
42.754956626334085
42.51658878267833
38.22629713004566
42.277454666411316
38.80237571003016
43.12864649206692
40.74236257491719
43.05648058800583
41.11498421785245
40.89370746641187
41.001241483132446
40.436380463914546
40.78752929507065
42.318404245658996
40.47149639121541
38.59350932562869
42.41426245588488
39.662074117502435
42.83354949397984
37.95406750520315
42.50840174318435
38.24756068647298
42.983234269317485
37.45415903915703
42.84273748723187
42.51055592155273
43.323768502163965
43.27415294457513
40.45588178556272
43.50351093732173
40.46056490199105
42.565777322224136
40.49533188510741
42.84755181889691
40.07628657149955
40.733657702803754
40.26441647707092
40.45588178556272
40.95280126540256
39.16067410485038
40.68545265833099
38.29365470647311
40.93321752369055
43.077264370885416
39.905466862025
42.08064370491507
41.20222401225957
42.746677537708926
39.69961476938221
43.385162811866444
42.449462082645965
41.28251968503937
37.78788424808101
41.37455363308146
43.59122418649123
40.94560506072084
43.054712681434644
42.56275369378146
43.03615842396881
43.06753329431455
43.405366807753204
42.09246826233127
42.09922813638599
43.24024742268041
40.18802878304445
42.78461334448604
42.540737359906686
40.91445070917143
42.96078089950938
40.55955362582317
41.26140164482745
39.91837977767626
35.41648934373628
38.61376148478209
42.265951872304406
43.11047157011882
34.96535396311981
39.6703269680031
40.0322983974879
27.97135045015005
35.556098098556326
43.25451695404669
40.29187880650925
41.43504633197005
40.87935907682112
42.96210103658787
40.98361360549536
42.744063754764284
42.41340465765337
40.85387567451737
42.99336797974517
42.897509588340576
42.375695854676245
43.20773026485222
42.71881365599283
43.13263816046564
42.99072394247819
43.157935895457115
39.321477120383996
43.06930225394054
42.70011300355299
40.80856197703834
29.835072519436917
42.55973049487068
41.1856361511798
43.11711915457919
29.199704821709528
42.3923994340004
41.55121207017822
42.92648578943598
43.0083570029634
43.521115653599516
43.646111261420636
43.2291059005411
39.169451163138184
43.25139468935293
38.80417063716012
42.53685448866172
39.41237161838359
43.17970680283314
40.5791739631002
42.925607147608766
41.118611832753295
43.163709710616224
40.84790759731596
43.15216362476594
41.02289643300764
42.86988695598847
40.58113704090716
42.995571592586515
40.969602250527466
42.96342125480154
38.766512006211066
42.9744262295082
39.275819123334365
42.74537060627987
42.99645310097386
42.6627607742618
42.89707085583374
40.38770931430607
42.87251615013493
42.45805622197253
40.08586201294047
42.79028769638849
40.82961636181335
43.137517869815184
41.256125510254265
41.1921078734667
40.299621437767826
37.64982989686094
41.15048172203363
40.56112255456594
41.445691699604744
42.676217415193015
39.484721254683414
43.32063623218343
41.05743120882563
42.057436226536176
41.15250046604723
42.96254110031037
43.11711915457919
42.49935657760079
43.38067558902013
42.28896372325624
43.23400746284042
27.899902882914045
38.62016132002505
38.99864249186425
43.00482923378208
39.31779108898825
40.95560047260548
38.06325265670233
41.291054253339766
43.17659532853628
32.26139527728636
42.753649188616166
41.10048015678589
43.09009841993877
39.6579489797848
41.04577926526139
40.0265679276253
43.12332541665381
41.54133528776729
43.250056713893876
38.57363314480158
40.28413914981079
41.78342730768465
40.49142250325819
42.220428213361785
42.885666959775875
42.43829490150051
40.599992256166026
38.12518406748232
39.729698496746266
37.60527188774824
40.05600175721749
38.63012083701739
39.70938698224852
38.40726699998169
42.7088089443726
43.260762835984075
38.94505004735464
42.959460843558595
38.91505924049693
40.53525074173939
41.408865633330045
39.4008942997783
43.46744323422424
35.67737874483252
42.77981314511852
40.7055900621118
40.169938897082766
40.7649334240451
40.6157183251346
39.84935489387577
39.94613282031258
41.368840493944056
42.6697050774693
41.50392843713511
42.77326915428466
40.31976621229308
42.71228831250827
40.7720662570962
38.92083700644922
40.633031078043864
38.88871993621006
41.0586369598841
43.043224826567055
41.62874299042231
42.84930275323083
43.30498167363585
39.08768463724896
42.44860286006335
38.24930464995395
43.1703737250018
40.876570281359335
43.52608366281664
40.46173585051273
43.40985914035251
40.920837479755704
43.11977876242662
43.42424085558397
42.91199279736449
43.23668151080323
42.99865703008868
43.00086118515481
41.628329826511575
42.49677295155881
42.397541646449945
40.248961222159316
40.05447166117557
42.354300255480716
40.245485424782665
42.501509839288246
40.48751387615233
42.186455850255975
40.28220470021033
42.43443070759394
41.03252819925846
42.5390115518413
40.96200009766102
41.95059110639915
40.440669141397095
43.92631303346075
39.36687190268809
42.91374900243508
39.29937129311233
43.03748319771797
39.687969569084615
42.42584612894742
39.49513173506092
41.63824802446094
40.489077236439456
43.457985369998134
43.04985168686941
43.56360614873286
43.05515464446657
38.96712097141317
42.571825868071414
42.91594446092927
43.68111142354277
43.449881904446194
40.807370868723424
42.751906062706404
40.41417187786054
43.04808432461281
40.37099351261863
40.32403018795366
40.10962886459917
40.95240140989465
40.47891755213913
42.37098696838064
40.968801891031276
43.434133813828744
43.190822872795046
42.14491413872449
42.87076331820598
36.244028896339564
42.90145858478407
41.786757526849584
42.986758496289916
42.95374153839852
42.77719530851606
43.12908997429306
42.90979774315324
41.339483540311456
42.64887894656566
40.90407645796762
42.98587738536905
40.8030040663852
38.04150341024525
43.03218459202413
38.101287210559306
42.09838303339322
36.91356655665567
43.141511180596986
38.09298228087224
42.35301720655949
41.894023991929444
42.57744391432342
42.95638102846141
40.6582396277627
42.87865219080333
41.11659641211646
40.83200124609379
39.82589540050895
40.59134810800349
40.46876296517855
42.705764962225345
40.31705324272106
43.200609749817175
42.927803819622135
42.79858368792155
42.454618148691736
43.24738101130083
42.87514566679615
42.618976974820654
42.250624546699974
33.74610990425617
44.09718761499238
43.474651989593376
41.0441726196301
40.98801915371836
38.877545534597026
40.48477828613347
37.69923690194774
39.58645814653667
25.77889774620013
38.71355522327445
37.0632875598678
40.81769611802602
42.22382845925404
39.81266433161527
42.220428213361785
41.774271941356915
42.50237120505857
42.21150517289964
41.81633650040378
43.09319743966465
43.32958677685951
42.66710069885965
42.99689386872239
40.80856197703834
42.14237342630643
37.92661180938602
42.94230749541838
40.69216291208258
42.93000071647168
42.268081547097175
40.09007665691728
43.08036154478225
40.99723381586793
43.25674741911863
42.19621730382294
43.14816834178608
42.45676687923879
40.92522954130768
33.704890631780266
42.53340364255872
38.78120810333509
40.536817790835904
42.60036361051017
39.782454875700694
43.15971228943929
39.1877493436481
42.805572281471655
40.4270265060241
42.666232643304
42.30346552628394
42.58436046865799
42.301758915604324
42.1436437442225
42.91199279736449
43.10426900704992
42.92253218444913
36.557084709717344
42.86769620718907
36.74121831146306
41.17391133623905
39.925979514906906
32.61029863394988
39.77905918057663
40.886532012789516
39.84291970248216
42.80644601614566
