30.28
29.95
30.04
29.92
29.87
30.16
29.99
29.95
30.11
30.00
29.78
30.22
30.08
29.74
29.96
30.26
29.93
29.91
30.20
29.82
29.92
30.15
29.91
30.00
30.06
29.85
30.20
29.97
29.94
30.02
30.04
29.84
30.06
29.97
30.00
29.98
30.02
30.10
29.87
30.10
30.02
29.95
29.94
30.14
29.89
29.93
30.15
29.92
30.07
29.94
30.03
29.95
30.10
29.85
30.18
29.99
29.91
29.97
29.97
30.21
29.80
29.99
30.01
29.98
30.01
30.00
30.15
29.96
29.91
29.94
30.19
30.00
29.87
30.20
29.76
30.09
30.01
30.15
29.80
29.99
30.24
29.80
30.14
29.97
29.83
